solid 
 facet normal  0.000000e+00  0.000000e+00 -1.000000e+00
   outer loop
     vertex  0.000000e+00  7.175665e-18 -1.171875e-01
     vertex -1.171875e-01 -7.500000e-01 -1.171875e-01
     vertex -1.171875e-01  0.000000e+00 -1.171875e-01
   endloop
 endfacet
 facet normal  0.000000e+00 -0.000000e+00 -1.000000e+00
   outer loop
     vertex  0.000000e+00  7.175665e-18 -1.171875e-01
     vertex  4.592425e-17 -7.500000e-01 -1.171875e-01
     vertex -1.171875e-01 -7.500000e-01 -1.171875e-01
   endloop
 endfacet
 facet normal  1.000000e+00  6.123234e-17 -1.184238e-16
   outer loop
     vertex  1.387779e-17  1.435133e-17 -1.387779e-17
     vertex  4.592425e-17 -7.500000e-01 -1.171875e-01
     vertex  0.000000e+00  7.175665e-18 -1.171875e-01
   endloop
 endfacet
 facet normal  1.000000e+00  6.123234e-17 -1.184238e-16
   outer loop
     vertex  1.387779e-17  1.435133e-17 -1.387779e-17
     vertex  5.980204e-17 -7.500000e-01  3.204647e-17
     vertex  4.592425e-17 -7.500000e-01 -1.171875e-01
   endloop
 endfacet
 facet normal  1.184238e-16  6.123234e-17  1.000000e+00
   outer loop
     vertex -1.171875e-01  7.175665e-18  0.000000e+00
     vertex  5.980204e-17 -7.500000e-01  3.204647e-17
     vertex  1.387779e-17  1.435133e-17 -1.387779e-17
   endloop
 endfacet
 facet normal  1.184238e-16  6.123234e-17  1.000000e+00
   outer loop
     vertex -1.171875e-01  7.175665e-18  0.000000e+00
     vertex -1.171875e-01 -7.500000e-01  4.592425e-17
     vertex  5.980204e-17 -7.500000e-01  3.204647e-17
   endloop
 endfacet
 facet normal -1.000000e+00  0.000000e+00  0.000000e+00
   outer loop
     vertex -1.171875e-01  0.000000e+00 -1.171875e-01
     vertex -1.171875e-01 -7.500000e-01  4.592425e-17
     vertex -1.171875e-01  7.175665e-18  0.000000e+00
   endloop
 endfacet
 facet normal -1.000000e+00  0.000000e+00  0.000000e+00
   outer loop
     vertex -1.171875e-01  0.000000e+00 -1.171875e-01
     vertex -1.171875e-01 -7.500000e-01 -1.171875e-01
     vertex -1.171875e-01 -7.500000e-01  4.592425e-17
   endloop
 endfacet
 facet normal -6.123234e-17  1.000000e+00 -6.123234e-17
   outer loop
     vertex  1.387779e-17  1.435133e-17 -1.387779e-17
     vertex  0.000000e+00  7.175665e-18 -1.171875e-01
     vertex -1.171875e-01  0.000000e+00 -1.171875e-01
   endloop
 endfacet
 facet normal -6.123234e-17  1.000000e+00 -6.123234e-17
   outer loop
     vertex  1.387779e-17  1.435133e-17 -1.387779e-17
     vertex -1.171875e-01  0.000000e+00 -1.171875e-01
     vertex -1.171875e-01  7.175665e-18  0.000000e+00
   endloop
 endfacet
 facet normal  0.000000e+00 -1.000000e+00  0.000000e+00
   outer loop
     vertex  5.980204e-17 -7.500000e-01  3.204647e-17
     vertex -1.171875e-01 -7.500000e-01 -1.171875e-01
     vertex  4.592425e-17 -7.500000e-01 -1.171875e-01
   endloop
 endfacet
 facet normal -0.000000e+00 -1.000000e+00  0.000000e+00
   outer loop
     vertex  5.980204e-17 -7.500000e-01  3.204647e-17
     vertex -1.171875e-01 -7.500000e-01  4.592425e-17
     vertex -1.171875e-01 -7.500000e-01 -1.171875e-01
   endloop
 endfacet
endsolid
