solid 
 facet normal  0.000000e+00 -1.000000e+00  0.000000e+00
   outer loop
     vertex  4.453125e-01 -4.375000e-01  6.250000e-02
     vertex -4.375000e-01 -4.375000e-01  8.593750e-02
     vertex -4.375000e-01 -4.375000e-01  6.250000e-02
   endloop
 endfacet
 facet normal  0.000000e+00 -1.000000e+00  0.000000e+00
   outer loop
     vertex  4.453125e-01 -4.375000e-01  6.250000e-02
     vertex  4.453125e-01 -4.375000e-01  8.593750e-02
     vertex -4.375000e-01 -4.375000e-01  8.593750e-02
   endloop
 endfacet
 facet normal -1.000000e+00  0.000000e+00  0.000000e+00
   outer loop
     vertex -4.375000e-01 -4.375000e-01  6.250000e-02
     vertex -4.375000e-01  4.453125e-01  8.593750e-02
     vertex -4.375000e-01  4.453125e-01  6.250000e-02
   endloop
 endfacet
 facet normal -1.000000e+00  0.000000e+00  0.000000e+00
   outer loop
     vertex -4.375000e-01 -4.375000e-01  6.250000e-02
     vertex -4.375000e-01 -4.375000e-01  8.593750e-02
     vertex -4.375000e-01  4.453125e-01  8.593750e-02
   endloop
 endfacet
 facet normal  1.000000e+00  0.000000e+00  0.000000e+00
   outer loop
     vertex  4.453125e-01  4.453125e-01  6.250000e-02
     vertex  4.453125e-01 -4.375000e-01  8.593750e-02
     vertex  4.453125e-01 -4.375000e-01  6.250000e-02
   endloop
 endfacet
 facet normal  1.000000e+00  0.000000e+00 -0.000000e+00
   outer loop
     vertex  4.453125e-01  4.453125e-01  6.250000e-02
     vertex  4.453125e-01  4.453125e-01  8.593750e-02
     vertex  4.453125e-01 -4.375000e-01  8.593750e-02
   endloop
 endfacet
 facet normal  0.000000e+00 -1.000000e+00  0.000000e+00
   outer loop
     vertex  4.453125e-01 -4.375000e-01  0.000000e+00
     vertex -4.375000e-01 -4.375000e-01  6.250000e-02
     vertex -4.375000e-01 -4.375000e-01  0.000000e+00
   endloop
 endfacet
 facet normal  0.000000e+00 -1.000000e+00  0.000000e+00
   outer loop
     vertex  4.453125e-01 -4.375000e-01  0.000000e+00
     vertex  4.453125e-01 -4.375000e-01  6.250000e-02
     vertex -4.375000e-01 -4.375000e-01  6.250000e-02
   endloop
 endfacet
 facet normal  0.000000e+00  0.000000e+00  1.000000e+00
   outer loop
     vertex  4.453125e-01 -4.375000e-01  8.593750e-02
     vertex -3.445724e-01 -3.445724e-01  8.593750e-02
     vertex -4.375000e-01 -4.375000e-01  8.593750e-02
   endloop
 endfacet
 facet normal  0.000000e+00  0.000000e+00  1.000000e+00
   outer loop
     vertex -4.375000e-01  4.453125e-01  8.593750e-02
     vertex -4.375000e-01 -4.375000e-01  8.593750e-02
     vertex -3.445724e-01 -3.445724e-01  8.593750e-02
   endloop
 endfacet
 facet normal  0.000000e+00  0.000000e+00  1.000000e+00
   outer loop
     vertex  3.616776e-01 -3.445724e-01  8.593750e-02
     vertex -3.445724e-01 -3.445724e-01  8.593750e-02
     vertex  4.453125e-01 -4.375000e-01  8.593750e-02
   endloop
 endfacet
 facet normal  0.000000e+00  0.000000e+00  1.000000e+00
   outer loop
     vertex -3.445724e-01  3.616776e-01  8.593750e-02
     vertex -4.375000e-01  4.453125e-01  8.593750e-02
     vertex -3.445724e-01 -3.445724e-01  8.593750e-02
   endloop
 endfacet
 facet normal  0.000000e+00  0.000000e+00  1.000000e+00
   outer loop
     vertex  4.453125e-01  4.453125e-01  8.593750e-02
     vertex  3.616776e-01  3.616776e-01  8.593750e-02
     vertex  3.616776e-01 -3.445724e-01  8.593750e-02
   endloop
 endfacet
 facet normal  0.000000e+00  0.000000e+00  1.000000e+00
   outer loop
     vertex  4.453125e-01  4.453125e-01  8.593750e-02
     vertex  3.616776e-01 -3.445724e-01  8.593750e-02
     vertex  4.453125e-01 -4.375000e-01  8.593750e-02
   endloop
 endfacet
 facet normal  0.000000e+00  0.000000e+00  1.000000e+00
   outer loop
     vertex  4.453125e-01  4.453125e-01  8.593750e-02
     vertex -4.375000e-01  4.453125e-01  8.593750e-02
     vertex -3.445724e-01  3.616776e-01  8.593750e-02
   endloop
 endfacet
 facet normal  0.000000e+00  0.000000e+00  1.000000e+00
   outer loop
     vertex  4.453125e-01  4.453125e-01  8.593750e-02
     vertex -3.445724e-01  3.616776e-01  8.593750e-02
     vertex  3.616776e-01  3.616776e-01  8.593750e-02
   endloop
 endfacet
 facet normal  0.000000e+00  1.000000e+00  0.000000e+00
   outer loop
     vertex -4.375000e-01  4.453125e-01  6.250000e-02
     vertex  4.453125e-01  4.453125e-01  8.593750e-02
     vertex  4.453125e-01  4.453125e-01  6.250000e-02
   endloop
 endfacet
 facet normal  0.000000e+00  1.000000e+00  0.000000e+00
   outer loop
     vertex -4.375000e-01  4.453125e-01  6.250000e-02
     vertex -4.375000e-01  4.453125e-01  8.593750e-02
     vertex  4.453125e-01  4.453125e-01  8.593750e-02
   endloop
 endfacet
 facet normal -1.000000e+00  0.000000e+00  0.000000e+00
   outer loop
     vertex -4.375000e-01 -4.375000e-01  0.000000e+00
     vertex -4.375000e-01  4.453125e-01  6.250000e-02
     vertex -4.375000e-01  4.453125e-01  0.000000e+00
   endloop
 endfacet
 facet normal -1.000000e+00  0.000000e+00  0.000000e+00
   outer loop
     vertex -4.375000e-01 -4.375000e-01  0.000000e+00
     vertex -4.375000e-01 -4.375000e-01  6.250000e-02
     vertex -4.375000e-01  4.453125e-01  6.250000e-02
   endloop
 endfacet
 facet normal  1.000000e+00  0.000000e+00  0.000000e+00
   outer loop
     vertex  4.453125e-01  4.453125e-01  0.000000e+00
     vertex  4.453125e-01 -4.375000e-01  6.250000e-02
     vertex  4.453125e-01 -4.375000e-01  0.000000e+00
   endloop
 endfacet
 facet normal  1.000000e+00  0.000000e+00 -0.000000e+00
   outer loop
     vertex  4.453125e-01  4.453125e-01  0.000000e+00
     vertex  4.453125e-01  4.453125e-01  6.250000e-02
     vertex  4.453125e-01 -4.375000e-01  6.250000e-02
   endloop
 endfacet
 facet normal  0.000000e+00 -0.000000e+00 -1.000000e+00
   outer loop
     vertex -3.515625e-01  3.515625e-01  0.000000e+00
     vertex -3.515625e-01 -3.515625e-01  0.000000e+00
     vertex -4.375000e-01 -4.375000e-01  0.000000e+00
   endloop
 endfacet
 facet normal -0.000000e+00  0.000000e+00 -1.000000e+00
   outer loop
     vertex  3.515625e-01 -3.515625e-01  0.000000e+00
     vertex -4.375000e-01 -4.375000e-01  0.000000e+00
     vertex -3.515625e-01 -3.515625e-01  0.000000e+00
   endloop
 endfacet
 facet normal  0.000000e+00  0.000000e+00 -1.000000e+00
   outer loop
     vertex -4.375000e-01  4.453125e-01  0.000000e+00
     vertex -3.515625e-01  3.515625e-01  0.000000e+00
     vertex -4.375000e-01 -4.375000e-01  0.000000e+00
   endloop
 endfacet
 facet normal  0.000000e+00  0.000000e+00 -1.000000e+00
   outer loop
     vertex  4.453125e-01 -4.375000e-01  0.000000e+00
     vertex -4.375000e-01 -4.375000e-01  0.000000e+00
     vertex  3.515625e-01 -3.515625e-01  0.000000e+00
   endloop
 endfacet
 facet normal  0.000000e+00 -0.000000e+00 -1.000000e+00
   outer loop
     vertex -3.445724e-01  3.616776e-01  0.000000e+00
     vertex -3.445724e-01  3.515625e-01  0.000000e+00
     vertex -3.515625e-01  3.515625e-01  0.000000e+00
   endloop
 endfacet
 facet normal -0.000000e+00  0.000000e+00 -1.000000e+00
   outer loop
     vertex -3.445724e-01  3.616776e-01  0.000000e+00
     vertex -3.515625e-01  3.515625e-01  0.000000e+00
     vertex -4.375000e-01  4.453125e-01  0.000000e+00
   endloop
 endfacet
 facet normal -0.000000e+00  0.000000e+00 -1.000000e+00
   outer loop
     vertex  3.616776e-01 -3.445724e-01  0.000000e+00
     vertex  3.515625e-01 -3.515625e-01  0.000000e+00
     vertex  3.515625e-01 -3.445724e-01  0.000000e+00
   endloop
 endfacet
 facet normal  0.000000e+00 -0.000000e+00 -1.000000e+00
   outer loop
     vertex  3.616776e-01 -3.445724e-01  0.000000e+00
     vertex  4.453125e-01 -4.375000e-01  0.000000e+00
     vertex  3.515625e-01 -3.515625e-01  0.000000e+00
   endloop
 endfacet
 facet normal  0.000000e+00  0.000000e+00 -1.000000e+00
   outer loop
     vertex  4.453125e-01  4.453125e-01  0.000000e+00
     vertex  3.616776e-01 -3.445724e-01  0.000000e+00
     vertex  3.616776e-01  3.616776e-01  0.000000e+00
   endloop
 endfacet
 facet normal  0.000000e+00 -0.000000e+00 -1.000000e+00
   outer loop
     vertex  4.453125e-01  4.453125e-01  0.000000e+00
     vertex  4.453125e-01 -4.375000e-01  0.000000e+00
     vertex  3.616776e-01 -3.445724e-01  0.000000e+00
   endloop
 endfacet
 facet normal -0.000000e+00  0.000000e+00 -1.000000e+00
   outer loop
     vertex  4.453125e-01  4.453125e-01  0.000000e+00
     vertex -3.445724e-01  3.616776e-01  0.000000e+00
     vertex -4.375000e-01  4.453125e-01  0.000000e+00
   endloop
 endfacet
 facet normal  0.000000e+00  0.000000e+00 -1.000000e+00
   outer loop
     vertex  4.453125e-01  4.453125e-01  0.000000e+00
     vertex  3.616776e-01  3.616776e-01  0.000000e+00
     vertex -3.445724e-01  3.616776e-01  0.000000e+00
   endloop
 endfacet
 facet normal  0.000000e+00  1.000000e+00  0.000000e+00
   outer loop
     vertex  3.515625e-01 -3.445724e-01  6.250000e-02
     vertex -3.445724e-01 -3.445724e-01  6.250000e-02
     vertex -3.445724e-01 -3.445724e-01  8.593750e-02
   endloop
 endfacet
 facet normal  0.000000e+00  1.000000e+00 -0.000000e+00
   outer loop
     vertex  3.515625e-01 -3.445724e-01  6.250000e-02
     vertex -3.445724e-01 -3.445724e-01  8.593750e-02
     vertex  3.616776e-01 -3.445724e-01  8.593750e-02
   endloop
 endfacet
 facet normal  0.000000e+00  1.000000e+00 -0.000000e+00
   outer loop
     vertex  3.616776e-01 -3.445724e-01  6.250000e-02
     vertex  3.515625e-01 -3.445724e-01  6.250000e-02
     vertex  3.616776e-01 -3.445724e-01  8.593750e-02
   endloop
 endfacet
 facet normal -1.000000e+00  0.000000e+00  0.000000e+00
   outer loop
     vertex  3.616776e-01  3.616776e-01  6.250000e-02
     vertex  3.616776e-01 -3.445724e-01  6.250000e-02
     vertex  3.616776e-01 -3.445724e-01  8.593750e-02
   endloop
 endfacet
 facet normal -1.000000e+00  0.000000e+00  0.000000e+00
   outer loop
     vertex  3.616776e-01  3.616776e-01  6.250000e-02
     vertex  3.616776e-01 -3.445724e-01  8.593750e-02
     vertex  3.616776e-01  3.616776e-01  8.593750e-02
   endloop
 endfacet
 facet normal  0.000000e+00 -1.000000e+00  0.000000e+00
   outer loop
     vertex -3.445724e-01  3.616776e-01  6.250000e-02
     vertex  3.616776e-01  3.616776e-01  6.250000e-02
     vertex  3.616776e-01  3.616776e-01  8.593750e-02
   endloop
 endfacet
 facet normal  0.000000e+00 -1.000000e+00  0.000000e+00
   outer loop
     vertex -3.445724e-01  3.616776e-01  6.250000e-02
     vertex  3.616776e-01  3.616776e-01  8.593750e-02
     vertex -3.445724e-01  3.616776e-01  8.593750e-02
   endloop
 endfacet
 facet normal  1.000000e+00  0.000000e+00  0.000000e+00
   outer loop
     vertex -3.445724e-01  3.515625e-01  6.250000e-02
     vertex -3.445724e-01  3.616776e-01  6.250000e-02
     vertex -3.445724e-01  3.616776e-01  8.593750e-02
   endloop
 endfacet
 facet normal  1.000000e+00 -0.000000e+00  0.000000e+00
   outer loop
     vertex -3.445724e-01 -3.445724e-01  8.593750e-02
     vertex -3.445724e-01  3.515625e-01  6.250000e-02
     vertex -3.445724e-01  3.616776e-01  8.593750e-02
   endloop
 endfacet
 facet normal  1.000000e+00  0.000000e+00  0.000000e+00
   outer loop
     vertex -3.445724e-01 -3.445724e-01  6.250000e-02
     vertex -3.445724e-01  3.515625e-01  6.250000e-02
     vertex -3.445724e-01 -3.445724e-01  8.593750e-02
   endloop
 endfacet
 facet normal  0.000000e+00  1.000000e+00  0.000000e+00
   outer loop
     vertex -4.375000e-01  4.453125e-01  0.000000e+00
     vertex  4.453125e-01  4.453125e-01  6.250000e-02
     vertex  4.453125e-01  4.453125e-01  0.000000e+00
   endloop
 endfacet
 facet normal  0.000000e+00  1.000000e+00  0.000000e+00
   outer loop
     vertex -4.375000e-01  4.453125e-01  0.000000e+00
     vertex -4.375000e-01  4.453125e-01  6.250000e-02
     vertex  4.453125e-01  4.453125e-01  6.250000e-02
   endloop
 endfacet
 facet normal  0.000000e+00  1.000000e+00  0.000000e+00
   outer loop
     vertex  3.616776e-01 -3.445724e-01  0.000000e+00
     vertex  3.515625e-01 -3.445724e-01  0.000000e+00
     vertex  3.515625e-01 -3.445724e-01  6.250000e-02
   endloop
 endfacet
 facet normal  0.000000e+00  1.000000e+00 -0.000000e+00
   outer loop
     vertex  3.616776e-01 -3.445724e-01  0.000000e+00
     vertex  3.515625e-01 -3.445724e-01  6.250000e-02
     vertex  3.616776e-01 -3.445724e-01  6.250000e-02
   endloop
 endfacet
 facet normal -1.000000e+00  0.000000e+00  0.000000e+00
   outer loop
     vertex  3.616776e-01  3.616776e-01  0.000000e+00
     vertex  3.616776e-01 -3.445724e-01  0.000000e+00
     vertex  3.616776e-01 -3.445724e-01  6.250000e-02
   endloop
 endfacet
 facet normal -1.000000e+00  0.000000e+00  0.000000e+00
   outer loop
     vertex  3.616776e-01  3.616776e-01  0.000000e+00
     vertex  3.616776e-01 -3.445724e-01  6.250000e-02
     vertex  3.616776e-01  3.616776e-01  6.250000e-02
   endloop
 endfacet
 facet normal  0.000000e+00 -1.000000e+00  0.000000e+00
   outer loop
     vertex -3.445724e-01  3.616776e-01  0.000000e+00
     vertex  3.616776e-01  3.616776e-01  0.000000e+00
     vertex  3.616776e-01  3.616776e-01  6.250000e-02
   endloop
 endfacet
 facet normal  0.000000e+00 -1.000000e+00  0.000000e+00
   outer loop
     vertex -3.445724e-01  3.616776e-01  0.000000e+00
     vertex  3.616776e-01  3.616776e-01  6.250000e-02
     vertex -3.445724e-01  3.616776e-01  6.250000e-02
   endloop
 endfacet
 facet normal  1.000000e+00  0.000000e+00  0.000000e+00
   outer loop
     vertex -3.445724e-01  3.515625e-01  0.000000e+00
     vertex -3.445724e-01  3.616776e-01  0.000000e+00
     vertex -3.445724e-01  3.616776e-01  6.250000e-02
   endloop
 endfacet
 facet normal  1.000000e+00  0.000000e+00  0.000000e+00
   outer loop
     vertex -3.445724e-01  3.515625e-01  0.000000e+00
     vertex -3.445724e-01  3.616776e-01  6.250000e-02
     vertex -3.445724e-01  3.515625e-01  6.250000e-02
   endloop
 endfacet
 facet normal  0.000000e+00  0.000000e+00 -1.000000e+00
   outer loop
     vertex -3.515625e-01  3.515625e-01  0.000000e+00
     vertex -3.445724e-01 -3.445724e-01  0.000000e+00
     vertex -3.515625e-01 -3.515625e-01  0.000000e+00
   endloop
 endfacet
 facet normal  0.000000e+00  0.000000e+00 -1.000000e+00
   outer loop
     vertex  3.515625e-01 -3.515625e-01  0.000000e+00
     vertex -3.515625e-01 -3.515625e-01  0.000000e+00
     vertex -3.445724e-01 -3.445724e-01  0.000000e+00
   endloop
 endfacet
 facet normal -0.000000e+00 -0.000000e+00 -1.000000e+00
   outer loop
     vertex  3.515625e-01 -3.445724e-01  0.000000e+00
     vertex  3.515625e-01 -3.515625e-01  0.000000e+00
     vertex -3.445724e-01 -3.445724e-01  0.000000e+00
   endloop
 endfacet
 facet normal -0.000000e+00 -0.000000e+00 -1.000000e+00
   outer loop
     vertex -3.445724e-01  3.515625e-01  0.000000e+00
     vertex -3.445724e-01 -3.445724e-01  0.000000e+00
     vertex -3.515625e-01  3.515625e-01  0.000000e+00
   endloop
 endfacet
 facet normal  0.000000e+00  0.000000e+00  1.000000e+00
   outer loop
     vertex  3.515625e-01  3.515625e-01  6.250000e-02
     vertex -3.445724e-01 -3.445724e-01  6.250000e-02
     vertex  3.515625e-01 -3.445724e-01  6.250000e-02
   endloop
 endfacet
 facet normal  0.000000e+00  0.000000e+00  1.000000e+00
   outer loop
     vertex  3.515625e-01  3.515625e-01  6.250000e-02
     vertex -3.445724e-01  3.515625e-01  6.250000e-02
     vertex -3.445724e-01 -3.445724e-01  6.250000e-02
   endloop
 endfacet
 facet normal  1.000000e+00  0.000000e+00  0.000000e+00
   outer loop
     vertex  3.515625e-01  3.515625e-01  0.000000e+00
     vertex  3.515625e-01 -3.445724e-01  6.250000e-02
     vertex  3.515625e-01 -3.445724e-01  0.000000e+00
   endloop
 endfacet
 facet normal  1.000000e+00  0.000000e+00 -0.000000e+00
   outer loop
     vertex  3.515625e-01  3.515625e-01  0.000000e+00
     vertex  3.515625e-01  3.515625e-01  6.250000e-02
     vertex  3.515625e-01 -3.445724e-01  6.250000e-02
   endloop
 endfacet
 facet normal  0.000000e+00  1.000000e+00  0.000000e+00
   outer loop
     vertex -3.445724e-01  3.515625e-01  0.000000e+00
     vertex  3.515625e-01  3.515625e-01  6.250000e-02
     vertex  3.515625e-01  3.515625e-01  0.000000e+00
   endloop
 endfacet
 facet normal  0.000000e+00  1.000000e+00  0.000000e+00
   outer loop
     vertex -3.445724e-01  3.515625e-01  0.000000e+00
     vertex -3.445724e-01  3.515625e-01  6.250000e-02
     vertex  3.515625e-01  3.515625e-01  6.250000e-02
   endloop
 endfacet
 facet normal  0.000000e+00 -0.000000e+00 -1.000000e+00
   outer loop
     vertex  3.515625e-01  3.515625e-01  0.000000e+00
     vertex  3.515625e-01 -3.445724e-01  0.000000e+00
     vertex -3.445724e-01 -3.445724e-01  0.000000e+00
   endloop
 endfacet
 facet normal -0.000000e+00  0.000000e+00 -1.000000e+00
   outer loop
     vertex  3.515625e-01  3.515625e-01  0.000000e+00
     vertex -3.445724e-01 -3.445724e-01  0.000000e+00
     vertex -3.445724e-01  3.515625e-01  0.000000e+00
   endloop
 endfacet
endsolid
