solid 
 facet normal  0.000000e+00 -1.000000e+00  0.000000e+00
   outer loop
     vertex  7.500000e-01 -7.500000e-01  0.000000e+00
     vertex -7.500000e-01 -7.500000e-01  7.500000e-01
     vertex -7.500000e-01 -7.500000e-01  0.000000e+00
   endloop
 endfacet
 facet normal  0.000000e+00 -1.000000e+00  0.000000e+00
   outer loop
     vertex  7.500000e-01 -7.500000e-01  0.000000e+00
     vertex  7.500000e-01 -7.500000e-01  7.500000e-01
     vertex -7.500000e-01 -7.500000e-01  7.500000e-01
   endloop
 endfacet
 facet normal  1.000000e+00  0.000000e+00  0.000000e+00
   outer loop
     vertex  7.500000e-01  7.500000e-01  0.000000e+00
     vertex  7.500000e-01 -7.500000e-01  7.500000e-01
     vertex  7.500000e-01 -7.500000e-01  0.000000e+00
   endloop
 endfacet
 facet normal  1.000000e+00  0.000000e+00 -0.000000e+00
   outer loop
     vertex  7.500000e-01  7.500000e-01  0.000000e+00
     vertex  7.500000e-01  7.500000e-01  7.500000e-01
     vertex  7.500000e-01 -7.500000e-01  7.500000e-01
   endloop
 endfacet
 facet normal  0.000000e+00  1.000000e+00  0.000000e+00
   outer loop
     vertex -7.500000e-01  7.500000e-01  0.000000e+00
     vertex  7.500000e-01  7.500000e-01  7.500000e-01
     vertex  7.500000e-01  7.500000e-01  0.000000e+00
   endloop
 endfacet
 facet normal  0.000000e+00  1.000000e+00  0.000000e+00
   outer loop
     vertex -7.500000e-01  7.500000e-01  0.000000e+00
     vertex -7.500000e-01  7.500000e-01  7.500000e-01
     vertex  7.500000e-01  7.500000e-01  7.500000e-01
   endloop
 endfacet
 facet normal -1.000000e+00  0.000000e+00  0.000000e+00
   outer loop
     vertex -7.500000e-01 -7.500000e-01  0.000000e+00
     vertex -7.500000e-01  7.500000e-01  7.500000e-01
     vertex -7.500000e-01  7.500000e-01  0.000000e+00
   endloop
 endfacet
 facet normal -1.000000e+00  0.000000e+00  0.000000e+00
   outer loop
     vertex -7.500000e-01 -7.500000e-01  0.000000e+00
     vertex -7.500000e-01 -7.500000e-01  7.500000e-01
     vertex -7.500000e-01  7.500000e-01  7.500000e-01
   endloop
 endfacet
 facet normal -9.659258e-01  2.588190e-01  0.000000e+00
   outer loop
     vertex  1.446356e-01 -7.105263e-02  0.000000e+00
     vertex  1.657895e-01  7.894737e-03  7.500000e-01
     vertex  1.657895e-01  7.894737e-03  0.000000e+00
   endloop
 endfacet
 facet normal -9.659258e-01  2.588190e-01  0.000000e+00
   outer loop
     vertex  1.446356e-01 -7.105263e-02  0.000000e+00
     vertex  1.446356e-01 -7.105263e-02  7.500000e-01
     vertex  1.657895e-01  7.894737e-03  7.500000e-01
   endloop
 endfacet
 facet normal -7.071068e-01  7.071068e-01  0.000000e+00
   outer loop
     vertex  8.684211e-02 -1.288461e-01  0.000000e+00
     vertex  8.684211e-02 -1.288461e-01  7.500000e-01
     vertex  1.446356e-01 -7.105263e-02  7.500000e-01
   endloop
 endfacet
 facet normal -7.071068e-01  7.071068e-01  0.000000e+00
   outer loop
     vertex  8.684211e-02 -1.288461e-01  0.000000e+00
     vertex  1.446356e-01 -7.105263e-02  7.500000e-01
     vertex  1.446356e-01 -7.105263e-02  0.000000e+00
   endloop
 endfacet
 facet normal -2.588190e-01  9.659258e-01  0.000000e+00
   outer loop
     vertex  7.894737e-03 -1.500000e-01  0.000000e+00
     vertex  7.894737e-03 -1.500000e-01  7.500000e-01
     vertex  8.684211e-02 -1.288461e-01  7.500000e-01
   endloop
 endfacet
 facet normal -2.588190e-01  9.659258e-01  0.000000e+00
   outer loop
     vertex  7.894737e-03 -1.500000e-01  0.000000e+00
     vertex  8.684211e-02 -1.288461e-01  7.500000e-01
     vertex  8.684211e-02 -1.288461e-01  0.000000e+00
   endloop
 endfacet
 facet normal  2.588190e-01  9.659258e-01 -0.000000e+00
   outer loop
     vertex -7.105263e-02 -1.288461e-01  0.000000e+00
     vertex -7.105263e-02 -1.288461e-01  7.500000e-01
     vertex  7.894737e-03 -1.500000e-01  7.500000e-01
   endloop
 endfacet
 facet normal  2.588190e-01  9.659258e-01  0.000000e+00
   outer loop
     vertex -7.105263e-02 -1.288461e-01  0.000000e+00
     vertex  7.894737e-03 -1.500000e-01  7.500000e-01
     vertex  7.894737e-03 -1.500000e-01  0.000000e+00
   endloop
 endfacet
 facet normal  7.071068e-01  7.071068e-01 -0.000000e+00
   outer loop
     vertex -1.288461e-01 -7.105263e-02  0.000000e+00
     vertex -1.288461e-01 -7.105263e-02  7.500000e-01
     vertex -7.105263e-02 -1.288461e-01  7.500000e-01
   endloop
 endfacet
 facet normal  7.071068e-01  7.071068e-01  0.000000e+00
   outer loop
     vertex -1.288461e-01 -7.105263e-02  0.000000e+00
     vertex -7.105263e-02 -1.288461e-01  7.500000e-01
     vertex -7.105263e-02 -1.288461e-01  0.000000e+00
   endloop
 endfacet
 facet normal  9.659258e-01  2.588190e-01 -0.000000e+00
   outer loop
     vertex -1.500000e-01  7.894737e-03  0.000000e+00
     vertex -1.500000e-01  7.894737e-03  7.500000e-01
     vertex -1.288461e-01 -7.105263e-02  7.500000e-01
   endloop
 endfacet
 facet normal  9.659258e-01  2.588190e-01  0.000000e+00
   outer loop
     vertex -1.500000e-01  7.894737e-03  0.000000e+00
     vertex -1.288461e-01 -7.105263e-02  7.500000e-01
     vertex -1.288461e-01 -7.105263e-02  0.000000e+00
   endloop
 endfacet
 facet normal  9.659258e-01 -2.588190e-01  0.000000e+00
   outer loop
     vertex -1.288461e-01  8.684211e-02  0.000000e+00
     vertex -1.288461e-01  8.684211e-02  7.500000e-01
     vertex -1.500000e-01  7.894737e-03  7.500000e-01
   endloop
 endfacet
 facet normal  9.659258e-01 -2.588190e-01  0.000000e+00
   outer loop
     vertex -1.288461e-01  8.684211e-02  0.000000e+00
     vertex -1.500000e-01  7.894737e-03  7.500000e-01
     vertex -1.500000e-01  7.894737e-03  0.000000e+00
   endloop
 endfacet
 facet normal  7.071068e-01 -7.071068e-01  0.000000e+00
   outer loop
     vertex -7.105263e-02  1.446356e-01  0.000000e+00
     vertex -7.105263e-02  1.446356e-01  7.500000e-01
     vertex -1.288461e-01  8.684211e-02  7.500000e-01
   endloop
 endfacet
 facet normal  7.071068e-01 -7.071068e-01  0.000000e+00
   outer loop
     vertex -7.105263e-02  1.446356e-01  0.000000e+00
     vertex -1.288461e-01  8.684211e-02  7.500000e-01
     vertex -1.288461e-01  8.684211e-02  0.000000e+00
   endloop
 endfacet
 facet normal  2.588190e-01 -9.659258e-01  0.000000e+00
   outer loop
     vertex  7.894737e-03  1.657895e-01  0.000000e+00
     vertex  7.894737e-03  1.657895e-01  7.500000e-01
     vertex -7.105263e-02  1.446356e-01  7.500000e-01
   endloop
 endfacet
 facet normal  2.588190e-01 -9.659258e-01  0.000000e+00
   outer loop
     vertex  7.894737e-03  1.657895e-01  0.000000e+00
     vertex -7.105263e-02  1.446356e-01  7.500000e-01
     vertex -7.105263e-02  1.446356e-01  0.000000e+00
   endloop
 endfacet
 facet normal -2.588190e-01 -9.659258e-01  0.000000e+00
   outer loop
     vertex  8.684211e-02  1.446356e-01  0.000000e+00
     vertex  8.684211e-02  1.446356e-01  7.500000e-01
     vertex  7.894737e-03  1.657895e-01  7.500000e-01
   endloop
 endfacet
 facet normal -2.588190e-01 -9.659258e-01  0.000000e+00
   outer loop
     vertex  8.684211e-02  1.446356e-01  0.000000e+00
     vertex  7.894737e-03  1.657895e-01  7.500000e-01
     vertex  7.894737e-03  1.657895e-01  0.000000e+00
   endloop
 endfacet
 facet normal -9.659258e-01 -2.588190e-01  0.000000e+00
   outer loop
     vertex  1.446356e-01  8.684211e-02  0.000000e+00
     vertex  1.657895e-01  7.894737e-03  7.500000e-01
     vertex  1.446356e-01  8.684211e-02  7.500000e-01
   endloop
 endfacet
 facet normal -7.071068e-01 -7.071068e-01  0.000000e+00
   outer loop
     vertex  1.446356e-01  8.684211e-02  0.000000e+00
     vertex  1.446356e-01  8.684211e-02  7.500000e-01
     vertex  8.684211e-02  1.446356e-01  7.500000e-01
   endloop
 endfacet
 facet normal -7.071068e-01 -7.071068e-01  0.000000e+00
   outer loop
     vertex  1.446356e-01  8.684211e-02  0.000000e+00
     vertex  8.684211e-02  1.446356e-01  7.500000e-01
     vertex  8.684211e-02  1.446356e-01  0.000000e+00
   endloop
 endfacet
 facet normal -9.659258e-01 -2.588190e-01  0.000000e+00
   outer loop
     vertex  1.657895e-01  7.894737e-03  0.000000e+00
     vertex  1.657895e-01  7.894737e-03  7.500000e-01
     vertex  1.446356e-01  8.684211e-02  0.000000e+00
   endloop
 endfacet
 facet normal -0.000000e+00  0.000000e+00 -1.000000e+00
   outer loop
     vertex -7.105263e-02 -1.288461e-01  0.000000e+00
     vertex -7.500000e-01 -7.500000e-01  0.000000e+00
     vertex -1.288461e-01 -7.105263e-02  0.000000e+00
   endloop
 endfacet
 facet normal -0.000000e+00  0.000000e+00 -1.000000e+00
   outer loop
     vertex  7.894737e-03 -1.500000e-01  0.000000e+00
     vertex -7.500000e-01 -7.500000e-01  0.000000e+00
     vertex -7.105263e-02 -1.288461e-01  0.000000e+00
   endloop
 endfacet
 facet normal  0.000000e+00 -0.000000e+00 -1.000000e+00
   outer loop
     vertex -1.500000e-01  7.894737e-03  0.000000e+00
     vertex -1.288461e-01 -7.105263e-02  0.000000e+00
     vertex -7.500000e-01 -7.500000e-01  0.000000e+00
   endloop
 endfacet
 facet normal  0.000000e+00  0.000000e+00 -1.000000e+00
   outer loop
     vertex  7.500000e-01 -7.500000e-01  0.000000e+00
     vertex  7.894737e-03 -1.500000e-01  0.000000e+00
     vertex  8.684211e-02 -1.288461e-01  0.000000e+00
   endloop
 endfacet
 facet normal  0.000000e+00  0.000000e+00 -1.000000e+00
   outer loop
     vertex  7.500000e-01 -7.500000e-01  0.000000e+00
     vertex -7.500000e-01 -7.500000e-01  0.000000e+00
     vertex  7.894737e-03 -1.500000e-01  0.000000e+00
   endloop
 endfacet
 facet normal  0.000000e+00  0.000000e+00 -1.000000e+00
   outer loop
     vertex -7.500000e-01  7.500000e-01  0.000000e+00
     vertex -1.288461e-01  8.684211e-02  0.000000e+00
     vertex -1.500000e-01  7.894737e-03  0.000000e+00
   endloop
 endfacet
 facet normal  0.000000e+00  0.000000e+00 -1.000000e+00
   outer loop
     vertex -7.500000e-01  7.500000e-01  0.000000e+00
     vertex -1.500000e-01  7.894737e-03  0.000000e+00
     vertex -7.500000e-01 -7.500000e-01  0.000000e+00
   endloop
 endfacet
 facet normal  0.000000e+00 -0.000000e+00 -1.000000e+00
   outer loop
     vertex  1.446356e-01 -7.105263e-02  0.000000e+00
     vertex  7.500000e-01 -7.500000e-01  0.000000e+00
     vertex  8.684211e-02 -1.288461e-01  0.000000e+00
   endloop
 endfacet
 facet normal -0.000000e+00  0.000000e+00 -1.000000e+00
   outer loop
     vertex -7.105263e-02  1.446356e-01  0.000000e+00
     vertex -1.288461e-01  8.684211e-02  0.000000e+00
     vertex -7.500000e-01  7.500000e-01  0.000000e+00
   endloop
 endfacet
 facet normal -0.000000e+00  0.000000e+00 -1.000000e+00
   outer loop
     vertex  7.894737e-03  1.657895e-01  0.000000e+00
     vertex -7.105263e-02  1.446356e-01  0.000000e+00
     vertex -7.500000e-01  7.500000e-01  0.000000e+00
   endloop
 endfacet
 facet normal  0.000000e+00 -0.000000e+00 -1.000000e+00
   outer loop
     vertex  1.657895e-01  7.894737e-03  0.000000e+00
     vertex  7.500000e-01 -7.500000e-01  0.000000e+00
     vertex  1.446356e-01 -7.105263e-02  0.000000e+00
   endloop
 endfacet
 facet normal  0.000000e+00  0.000000e+00 -1.000000e+00
   outer loop
     vertex  7.500000e-01  7.500000e-01  0.000000e+00
     vertex  1.657895e-01  7.894737e-03  0.000000e+00
     vertex  1.446356e-01  8.684211e-02  0.000000e+00
   endloop
 endfacet
 facet normal  0.000000e+00  0.000000e+00 -1.000000e+00
   outer loop
     vertex  7.500000e-01  7.500000e-01  0.000000e+00
     vertex  1.446356e-01  8.684211e-02  0.000000e+00
     vertex  8.684211e-02  1.446356e-01  0.000000e+00
   endloop
 endfacet
 facet normal  0.000000e+00  0.000000e+00 -1.000000e+00
   outer loop
     vertex  7.500000e-01  7.500000e-01  0.000000e+00
     vertex  8.684211e-02  1.446356e-01  0.000000e+00
     vertex  7.894737e-03  1.657895e-01  0.000000e+00
   endloop
 endfacet
 facet normal -0.000000e+00  0.000000e+00 -1.000000e+00
   outer loop
     vertex  7.500000e-01  7.500000e-01  0.000000e+00
     vertex  7.894737e-03  1.657895e-01  0.000000e+00
     vertex -7.500000e-01  7.500000e-01  0.000000e+00
   endloop
 endfacet
 facet normal  0.000000e+00 -0.000000e+00 -1.000000e+00
   outer loop
     vertex  7.500000e-01  7.500000e-01  0.000000e+00
     vertex  7.500000e-01 -7.500000e-01  0.000000e+00
     vertex  1.657895e-01  7.894737e-03  0.000000e+00
   endloop
 endfacet
 facet normal  0.000000e+00  0.000000e+00  1.000000e+00
   outer loop
     vertex -7.105263e-02 -1.288461e-01  7.500000e-01
     vertex -1.288461e-01 -7.105263e-02  7.500000e-01
     vertex -7.500000e-01 -7.500000e-01  7.500000e-01
   endloop
 endfacet
 facet normal  0.000000e+00  0.000000e+00  1.000000e+00
   outer loop
     vertex  7.894737e-03 -1.500000e-01  7.500000e-01
     vertex -7.105263e-02 -1.288461e-01  7.500000e-01
     vertex -7.500000e-01 -7.500000e-01  7.500000e-01
   endloop
 endfacet
 facet normal  0.000000e+00  0.000000e+00  1.000000e+00
   outer loop
     vertex -1.500000e-01  7.894737e-03  7.500000e-01
     vertex -7.500000e-01 -7.500000e-01  7.500000e-01
     vertex -1.288461e-01 -7.105263e-02  7.500000e-01
   endloop
 endfacet
 facet normal  0.000000e+00  0.000000e+00  1.000000e+00
   outer loop
     vertex  7.500000e-01 -7.500000e-01  7.500000e-01
     vertex  8.684211e-02 -1.288461e-01  7.500000e-01
     vertex  7.894737e-03 -1.500000e-01  7.500000e-01
   endloop
 endfacet
 facet normal  0.000000e+00  0.000000e+00  1.000000e+00
   outer loop
     vertex  7.500000e-01 -7.500000e-01  7.500000e-01
     vertex  7.894737e-03 -1.500000e-01  7.500000e-01
     vertex -7.500000e-01 -7.500000e-01  7.500000e-01
   endloop
 endfacet
 facet normal  0.000000e+00  0.000000e+00  1.000000e+00
   outer loop
     vertex -7.500000e-01  7.500000e-01  7.500000e-01
     vertex -1.500000e-01  7.894737e-03  7.500000e-01
     vertex -1.288461e-01  8.684211e-02  7.500000e-01
   endloop
 endfacet
 facet normal  0.000000e+00  0.000000e+00  1.000000e+00
   outer loop
     vertex -7.500000e-01  7.500000e-01  7.500000e-01
     vertex -7.500000e-01 -7.500000e-01  7.500000e-01
     vertex -1.500000e-01  7.894737e-03  7.500000e-01
   endloop
 endfacet
 facet normal  0.000000e+00  0.000000e+00  1.000000e+00
   outer loop
     vertex  1.446356e-01 -7.105263e-02  7.500000e-01
     vertex  8.684211e-02 -1.288461e-01  7.500000e-01
     vertex  7.500000e-01 -7.500000e-01  7.500000e-01
   endloop
 endfacet
 facet normal  0.000000e+00  0.000000e+00  1.000000e+00
   outer loop
     vertex -7.105263e-02  1.446356e-01  7.500000e-01
     vertex -7.500000e-01  7.500000e-01  7.500000e-01
     vertex -1.288461e-01  8.684211e-02  7.500000e-01
   endloop
 endfacet
 facet normal  0.000000e+00  0.000000e+00  1.000000e+00
   outer loop
     vertex  7.894737e-03  1.657895e-01  7.500000e-01
     vertex -7.500000e-01  7.500000e-01  7.500000e-01
     vertex -7.105263e-02  1.446356e-01  7.500000e-01
   endloop
 endfacet
 facet normal  0.000000e+00  0.000000e+00  1.000000e+00
   outer loop
     vertex  1.657895e-01  7.894737e-03  7.500000e-01
     vertex  1.446356e-01 -7.105263e-02  7.500000e-01
     vertex  7.500000e-01 -7.500000e-01  7.500000e-01
   endloop
 endfacet
 facet normal  0.000000e+00  0.000000e+00  1.000000e+00
   outer loop
     vertex  7.500000e-01  7.500000e-01  7.500000e-01
     vertex  1.446356e-01  8.684211e-02  7.500000e-01
     vertex  1.657895e-01  7.894737e-03  7.500000e-01
   endloop
 endfacet
 facet normal  0.000000e+00  0.000000e+00  1.000000e+00
   outer loop
     vertex  7.500000e-01  7.500000e-01  7.500000e-01
     vertex  8.684211e-02  1.446356e-01  7.500000e-01
     vertex  1.446356e-01  8.684211e-02  7.500000e-01
   endloop
 endfacet
 facet normal  0.000000e+00  0.000000e+00  1.000000e+00
   outer loop
     vertex  7.500000e-01  7.500000e-01  7.500000e-01
     vertex  7.894737e-03  1.657895e-01  7.500000e-01
     vertex  8.684211e-02  1.446356e-01  7.500000e-01
   endloop
 endfacet
 facet normal  0.000000e+00  0.000000e+00  1.000000e+00
   outer loop
     vertex  7.500000e-01  7.500000e-01  7.500000e-01
     vertex -7.500000e-01  7.500000e-01  7.500000e-01
     vertex  7.894737e-03  1.657895e-01  7.500000e-01
   endloop
 endfacet
 facet normal  0.000000e+00  0.000000e+00  1.000000e+00
   outer loop
     vertex  7.500000e-01  7.500000e-01  7.500000e-01
     vertex  1.657895e-01  7.894737e-03  7.500000e-01
     vertex  7.500000e-01 -7.500000e-01  7.500000e-01
   endloop
 endfacet
endsolid
