solid 
 facet normal  0.000000e+00  0.000000e+00 -1.000000e+00
   outer loop
     vertex -1.855263e-01  1.160192e-17  3.750000e-01
     vertex -3.750000e-01 -7.500000e-01  3.750000e-01
     vertex -3.750000e-01  0.000000e+00  3.750000e-01
   endloop
 endfacet
 facet normal  0.000000e+00 -0.000000e+00 -1.000000e+00
   outer loop
     vertex -1.855263e-01  1.160192e-17  3.750000e-01
     vertex -1.855263e-01 -7.500000e-01  3.750000e-01
     vertex -3.750000e-01 -7.500000e-01  3.750000e-01
   endloop
 endfacet
 facet normal -1.000000e+00  0.000000e+00  0.000000e+00
   outer loop
     vertex -1.855263e-01 -2.272042e-17 -1.855263e-01
     vertex -1.855263e-01 -7.500000e-01  3.750000e-01
     vertex -1.855263e-01  1.160192e-17  3.750000e-01
   endloop
 endfacet
 facet normal -1.000000e+00  0.000000e+00  0.000000e+00
   outer loop
     vertex -1.855263e-01 -2.272042e-17 -1.855263e-01
     vertex -1.855263e-01 -7.500000e-01 -1.855263e-01
     vertex -1.855263e-01 -7.500000e-01  3.750000e-01
   endloop
 endfacet
 facet normal  0.000000e+00  0.000000e+00 -1.000000e+00
   outer loop
     vertex  3.750000e-01  1.160192e-17 -1.855263e-01
     vertex -1.855263e-01 -7.500000e-01 -1.855263e-01
     vertex -1.855263e-01 -2.272042e-17 -1.855263e-01
   endloop
 endfacet
 facet normal  0.000000e+00 -0.000000e+00 -1.000000e+00
   outer loop
     vertex  3.750000e-01  1.160192e-17 -1.855263e-01
     vertex  3.750000e-01 -7.500000e-01 -1.855263e-01
     vertex -1.855263e-01 -7.500000e-01 -1.855263e-01
   endloop
 endfacet
 facet normal  1.000000e+00  0.000000e+00  0.000000e+00
   outer loop
     vertex  3.750000e-01  2.272042e-17 -3.947368e-03
     vertex  3.750000e-01 -7.500000e-01 -1.855263e-01
     vertex  3.750000e-01  1.160192e-17 -1.855263e-01
   endloop
 endfacet
 facet normal  1.000000e+00  0.000000e+00  0.000000e+00
   outer loop
     vertex  3.750000e-01  2.272042e-17 -3.947368e-03
     vertex  3.750000e-01 -7.500000e-01 -3.947368e-03
     vertex  3.750000e-01 -7.500000e-01 -1.855263e-01
   endloop
 endfacet
 facet normal -0.000000e+00  0.000000e+00  1.000000e+00
   outer loop
     vertex  3.947368e-03  0.000000e+00 -3.947368e-03
     vertex  3.750000e-01 -7.500000e-01 -3.947368e-03
     vertex  3.750000e-01  2.272042e-17 -3.947368e-03
   endloop
 endfacet
 facet normal  0.000000e+00  0.000000e+00  1.000000e+00
   outer loop
     vertex  3.947368e-03  0.000000e+00 -3.947368e-03
     vertex  3.947368e-03 -7.500000e-01 -3.947368e-03
     vertex  3.750000e-01 -7.500000e-01 -3.947368e-03
   endloop
 endfacet
 facet normal  1.000000e+00  0.000000e+00  0.000000e+00
   outer loop
     vertex  3.947368e-03  3.480575e-17  5.644737e-01
     vertex  3.947368e-03 -7.500000e-01 -3.947368e-03
     vertex  3.947368e-03  0.000000e+00 -3.947368e-03
   endloop
 endfacet
 facet normal  1.000000e+00  0.000000e+00  0.000000e+00
   outer loop
     vertex  3.947368e-03  3.480575e-17  5.644737e-01
     vertex  3.947368e-03 -7.500000e-01  5.644737e-01
     vertex  3.947368e-03 -7.500000e-01 -3.947368e-03
   endloop
 endfacet
 facet normal -0.000000e+00  0.000000e+00  1.000000e+00
   outer loop
     vertex -3.750000e-01  1.160192e-17  5.644737e-01
     vertex  3.947368e-03 -7.500000e-01  5.644737e-01
     vertex  3.947368e-03  3.480575e-17  5.644737e-01
   endloop
 endfacet
 facet normal  0.000000e+00  0.000000e+00  1.000000e+00
   outer loop
     vertex -3.750000e-01  1.160192e-17  5.644737e-01
     vertex -3.750000e-01 -7.500000e-01  5.644737e-01
     vertex  3.947368e-03 -7.500000e-01  5.644737e-01
   endloop
 endfacet
 facet normal -1.000000e+00  0.000000e+00  0.000000e+00
   outer loop
     vertex -3.750000e-01  0.000000e+00  3.750000e-01
     vertex -3.750000e-01 -7.500000e-01  5.644737e-01
     vertex -3.750000e-01  1.160192e-17  5.644737e-01
   endloop
 endfacet
 facet normal -1.000000e+00  0.000000e+00  0.000000e+00
   outer loop
     vertex -3.750000e-01  0.000000e+00  3.750000e-01
     vertex -3.750000e-01 -7.500000e-01  3.750000e-01
     vertex -3.750000e-01 -7.500000e-01  5.644737e-01
   endloop
 endfacet
 facet normal -6.123234e-17  1.000000e+00 -6.123234e-17
   outer loop
     vertex  3.750000e-01  1.160192e-17 -1.855263e-01
     vertex -1.855263e-01 -2.272042e-17 -1.855263e-01
     vertex  3.947368e-03  0.000000e+00 -3.947368e-03
   endloop
 endfacet
 facet normal -6.123234e-17  1.000000e+00 -6.123234e-17
   outer loop
     vertex -1.855263e-01  1.160192e-17  3.750000e-01
     vertex  3.947368e-03  0.000000e+00 -3.947368e-03
     vertex -1.855263e-01 -2.272042e-17 -1.855263e-01
   endloop
 endfacet
 facet normal -6.123234e-17  1.000000e+00 -6.123234e-17
   outer loop
     vertex -3.750000e-01  1.160192e-17  5.644737e-01
     vertex -1.855263e-01  1.160192e-17  3.750000e-01
     vertex -3.750000e-01  0.000000e+00  3.750000e-01
   endloop
 endfacet
 facet normal -6.123234e-17  1.000000e+00 -6.123234e-17
   outer loop
     vertex  3.750000e-01  2.272042e-17 -3.947368e-03
     vertex  3.750000e-01  1.160192e-17 -1.855263e-01
     vertex  3.947368e-03  0.000000e+00 -3.947368e-03
   endloop
 endfacet
 facet normal -6.123234e-17  1.000000e+00 -6.123234e-17
   outer loop
     vertex  3.947368e-03  3.480575e-17  5.644737e-01
     vertex -1.855263e-01  1.160192e-17  3.750000e-01
     vertex -3.750000e-01  1.160192e-17  5.644737e-01
   endloop
 endfacet
 facet normal -6.123234e-17  1.000000e+00 -6.123234e-17
   outer loop
     vertex  3.947368e-03  3.480575e-17  5.644737e-01
     vertex  3.947368e-03  0.000000e+00 -3.947368e-03
     vertex -1.855263e-01  1.160192e-17  3.750000e-01
   endloop
 endfacet
 facet normal  0.000000e+00 -1.000000e+00  0.000000e+00
   outer loop
     vertex  3.750000e-01 -7.500000e-01 -1.855263e-01
     vertex  3.947368e-03 -7.500000e-01 -3.947368e-03
     vertex -1.855263e-01 -7.500000e-01 -1.855263e-01
   endloop
 endfacet
 facet normal  0.000000e+00 -1.000000e+00  0.000000e+00
   outer loop
     vertex -1.855263e-01 -7.500000e-01  3.750000e-01
     vertex -1.855263e-01 -7.500000e-01 -1.855263e-01
     vertex  3.947368e-03 -7.500000e-01 -3.947368e-03
   endloop
 endfacet
 facet normal  0.000000e+00 -1.000000e+00  0.000000e+00
   outer loop
     vertex -3.750000e-01 -7.500000e-01  5.644737e-01
     vertex -3.750000e-01 -7.500000e-01  3.750000e-01
     vertex -1.855263e-01 -7.500000e-01  3.750000e-01
   endloop
 endfacet
 facet normal -0.000000e+00 -1.000000e+00 -0.000000e+00
   outer loop
     vertex  3.750000e-01 -7.500000e-01 -3.947368e-03
     vertex  3.947368e-03 -7.500000e-01 -3.947368e-03
     vertex  3.750000e-01 -7.500000e-01 -1.855263e-01
   endloop
 endfacet
 facet normal -0.000000e+00 -1.000000e+00  0.000000e+00
   outer loop
     vertex  3.947368e-03 -7.500000e-01  5.644737e-01
     vertex -3.750000e-01 -7.500000e-01  5.644737e-01
     vertex -1.855263e-01 -7.500000e-01  3.750000e-01
   endloop
 endfacet
 facet normal  0.000000e+00 -1.000000e+00 -0.000000e+00
   outer loop
     vertex  3.947368e-03 -7.500000e-01  5.644737e-01
     vertex -1.855263e-01 -7.500000e-01  3.750000e-01
     vertex  3.947368e-03 -7.500000e-01 -3.947368e-03
   endloop
 endfacet
endsolid
