solid 
 facet normal  0.000000e+00 -1.000000e+00  0.000000e+00
   outer loop
     vertex  7.500000e-01 -7.500000e-01  2.343750e-01
     vertex -7.500000e-01 -7.500000e-01  3.515625e-01
     vertex -7.500000e-01 -7.500000e-01  2.343750e-01
   endloop
 endfacet
 facet normal  0.000000e+00 -1.000000e+00  0.000000e+00
   outer loop
     vertex  7.500000e-01 -7.500000e-01  2.343750e-01
     vertex  7.500000e-01 -7.500000e-01  3.515625e-01
     vertex -7.500000e-01 -7.500000e-01  3.515625e-01
   endloop
 endfacet
 facet normal -1.000000e+00  0.000000e+00  0.000000e+00
   outer loop
     vertex -7.500000e-01 -7.500000e-01  2.343750e-01
     vertex -7.500000e-01  7.500000e-01  3.515625e-01
     vertex -7.500000e-01  7.500000e-01  2.343750e-01
   endloop
 endfacet
 facet normal -1.000000e+00  0.000000e+00  0.000000e+00
   outer loop
     vertex -7.500000e-01 -7.500000e-01  2.343750e-01
     vertex -7.500000e-01 -7.500000e-01  3.515625e-01
     vertex -7.500000e-01  7.500000e-01  3.515625e-01
   endloop
 endfacet
 facet normal  1.000000e+00  0.000000e+00  0.000000e+00
   outer loop
     vertex  7.500000e-01  7.500000e-01  2.343750e-01
     vertex  7.500000e-01 -7.500000e-01  3.515625e-01
     vertex  7.500000e-01 -7.500000e-01  2.343750e-01
   endloop
 endfacet
 facet normal  1.000000e+00  0.000000e+00 -0.000000e+00
   outer loop
     vertex  7.500000e-01  7.500000e-01  2.343750e-01
     vertex  7.500000e-01  7.500000e-01  3.515625e-01
     vertex  7.500000e-01 -7.500000e-01  3.515625e-01
   endloop
 endfacet
 facet normal  0.000000e+00 -1.000000e+00  0.000000e+00
   outer loop
     vertex  7.500000e-01 -7.500000e-01  1.171875e-01
     vertex -7.500000e-01 -7.500000e-01  2.343750e-01
     vertex -7.500000e-01 -7.500000e-01  1.171875e-01
   endloop
 endfacet
 facet normal  0.000000e+00 -1.000000e+00  0.000000e+00
   outer loop
     vertex  7.500000e-01 -7.500000e-01  1.171875e-01
     vertex  7.500000e-01 -7.500000e-01  2.343750e-01
     vertex -7.500000e-01 -7.500000e-01  2.343750e-01
   endloop
 endfacet
 facet normal  0.000000e+00  0.000000e+00  1.000000e+00
   outer loop
     vertex -5.605263e-01 -6.710526e-01  3.515625e-01
     vertex -6.386802e-01 -6.386802e-01  3.515625e-01
     vertex -7.500000e-01 -7.500000e-01  3.515625e-01
   endloop
 endfacet
 facet normal  0.000000e+00  0.000000e+00  1.000000e+00
   outer loop
     vertex -6.710526e-01 -5.605263e-01  3.515625e-01
     vertex -7.500000e-01 -7.500000e-01  3.515625e-01
     vertex -6.386802e-01 -6.386802e-01  3.515625e-01
   endloop
 endfacet
 facet normal  0.000000e+00  0.000000e+00  1.000000e+00
   outer loop
     vertex -1.815789e-01 -1.815789e-01  3.515625e-01
     vertex -4.823724e-01 -4.823724e-01  3.515625e-01
     vertex -4.500000e-01 -5.605263e-01  3.515625e-01
   endloop
 endfacet
 facet normal  0.000000e+00  0.000000e+00  1.000000e+00
   outer loop
     vertex -1.815789e-01 -1.815789e-01  3.515625e-01
     vertex -5.605263e-01 -4.500000e-01  3.515625e-01
     vertex -4.823724e-01 -4.823724e-01  3.515625e-01
   endloop
 endfacet
 facet normal  0.000000e+00  0.000000e+00  1.000000e+00
   outer loop
     vertex -6.710526e-01  5.605263e-01  3.515625e-01
     vertex -6.710526e-01 -5.605263e-01  3.515625e-01
     vertex -6.386802e-01 -4.823724e-01  3.515625e-01
   endloop
 endfacet
 facet normal  0.000000e+00  0.000000e+00  1.000000e+00
   outer loop
     vertex -6.710526e-01  5.605263e-01  3.515625e-01
     vertex -6.386802e-01 -4.823724e-01  3.515625e-01
     vertex -6.386802e-01  4.823724e-01  3.515625e-01
   endloop
 endfacet
 facet normal  0.000000e+00  0.000000e+00  1.000000e+00
   outer loop
     vertex -5.605263e-01  4.500000e-01  3.515625e-01
     vertex -6.386802e-01 -4.823724e-01  3.515625e-01
     vertex -5.605263e-01 -4.500000e-01  3.515625e-01
   endloop
 endfacet
 facet normal  0.000000e+00  0.000000e+00  1.000000e+00
   outer loop
     vertex -5.605263e-01  4.500000e-01  3.515625e-01
     vertex -6.386802e-01  4.823724e-01  3.515625e-01
     vertex -6.386802e-01 -4.823724e-01  3.515625e-01
   endloop
 endfacet
 facet normal  0.000000e+00  0.000000e+00  1.000000e+00
   outer loop
     vertex  4.500000e-01 -5.605263e-01  3.515625e-01
     vertex -4.500000e-01 -5.605263e-01  3.515625e-01
     vertex -4.823724e-01 -6.386802e-01  3.515625e-01
   endloop
 endfacet
 facet normal  0.000000e+00  0.000000e+00  1.000000e+00
   outer loop
     vertex  4.500000e-01 -5.605263e-01  3.515625e-01
     vertex -4.823724e-01 -6.386802e-01  3.515625e-01
     vertex  4.823724e-01 -6.386802e-01  3.515625e-01
   endloop
 endfacet
 facet normal  0.000000e+00  0.000000e+00  1.000000e+00
   outer loop
     vertex  5.605263e-01 -6.710526e-01  3.515625e-01
     vertex -4.823724e-01 -6.386802e-01  3.515625e-01
     vertex -5.605263e-01 -6.710526e-01  3.515625e-01
   endloop
 endfacet
 facet normal  0.000000e+00  0.000000e+00  1.000000e+00
   outer loop
     vertex  5.605263e-01 -6.710526e-01  3.515625e-01
     vertex  4.823724e-01 -6.386802e-01  3.515625e-01
     vertex -4.823724e-01 -6.386802e-01  3.515625e-01
   endloop
 endfacet
 facet normal  0.000000e+00  0.000000e+00  1.000000e+00
   outer loop
     vertex  1.815789e-01 -1.815789e-01  3.515625e-01
     vertex -1.815789e-01 -1.815789e-01  3.515625e-01
     vertex -4.500000e-01 -5.605263e-01  3.515625e-01
   endloop
 endfacet
 facet normal  0.000000e+00  0.000000e+00  1.000000e+00
   outer loop
     vertex  1.815789e-01 -1.815789e-01  3.515625e-01
     vertex -4.500000e-01 -5.605263e-01  3.515625e-01
     vertex  4.500000e-01 -5.605263e-01  3.515625e-01
   endloop
 endfacet
 facet normal  0.000000e+00  0.000000e+00  1.000000e+00
   outer loop
     vertex  7.500000e-01 -7.500000e-01  3.515625e-01
     vertex  5.605263e-01 -6.710526e-01  3.515625e-01
     vertex -5.605263e-01 -6.710526e-01  3.515625e-01
   endloop
 endfacet
 facet normal  0.000000e+00  0.000000e+00  1.000000e+00
   outer loop
     vertex  7.500000e-01 -7.500000e-01  3.515625e-01
     vertex -5.605263e-01 -6.710526e-01  3.515625e-01
     vertex -7.500000e-01 -7.500000e-01  3.515625e-01
   endloop
 endfacet
 facet normal  0.000000e+00  0.000000e+00  1.000000e+00
   outer loop
     vertex -7.500000e-01  7.500000e-01  3.515625e-01
     vertex -6.710526e-01  5.605263e-01  3.515625e-01
     vertex -6.386802e-01  6.386802e-01  3.515625e-01
   endloop
 endfacet
 facet normal  0.000000e+00  0.000000e+00  1.000000e+00
   outer loop
     vertex -7.500000e-01  7.500000e-01  3.515625e-01
     vertex -7.500000e-01 -7.500000e-01  3.515625e-01
     vertex -6.710526e-01 -5.605263e-01  3.515625e-01
   endloop
 endfacet
 facet normal  0.000000e+00  0.000000e+00  1.000000e+00
   outer loop
     vertex -7.500000e-01  7.500000e-01  3.515625e-01
     vertex -6.710526e-01 -5.605263e-01  3.515625e-01
     vertex -6.710526e-01  5.605263e-01  3.515625e-01
   endloop
 endfacet
 facet normal  0.000000e+00  0.000000e+00  1.000000e+00
   outer loop
     vertex  6.386802e-01 -6.386802e-01  3.515625e-01
     vertex  5.605263e-01 -6.710526e-01  3.515625e-01
     vertex  7.500000e-01 -7.500000e-01  3.515625e-01
   endloop
 endfacet
 facet normal  0.000000e+00  0.000000e+00  1.000000e+00
   outer loop
     vertex -1.815789e-01  1.815789e-01  3.515625e-01
     vertex -4.823724e-01  4.823724e-01  3.515625e-01
     vertex -5.605263e-01  4.500000e-01  3.515625e-01
   endloop
 endfacet
 facet normal  0.000000e+00  0.000000e+00  1.000000e+00
   outer loop
     vertex -1.815789e-01  1.815789e-01  3.515625e-01
     vertex -5.605263e-01 -4.500000e-01  3.515625e-01
     vertex -1.815789e-01 -1.815789e-01  3.515625e-01
   endloop
 endfacet
 facet normal  0.000000e+00  0.000000e+00  1.000000e+00
   outer loop
     vertex -1.815789e-01  1.815789e-01  3.515625e-01
     vertex -5.605263e-01  4.500000e-01  3.515625e-01
     vertex -5.605263e-01 -4.500000e-01  3.515625e-01
   endloop
 endfacet
 facet normal  0.000000e+00  0.000000e+00  1.000000e+00
   outer loop
     vertex  4.823724e-01 -4.823724e-01  3.515625e-01
     vertex  1.815789e-01 -1.815789e-01  3.515625e-01
     vertex  4.500000e-01 -5.605263e-01  3.515625e-01
   endloop
 endfacet
 facet normal  0.000000e+00  0.000000e+00  1.000000e+00
   outer loop
     vertex  6.710526e-01 -5.605263e-01  3.515625e-01
     vertex  6.386802e-01 -6.386802e-01  3.515625e-01
     vertex  7.500000e-01 -7.500000e-01  3.515625e-01
   endloop
 endfacet
 facet normal  0.000000e+00  0.000000e+00  1.000000e+00
   outer loop
     vertex -4.500000e-01  5.605263e-01  3.515625e-01
     vertex -4.823724e-01  4.823724e-01  3.515625e-01
     vertex -1.815789e-01  1.815789e-01  3.515625e-01
   endloop
 endfacet
 facet normal  0.000000e+00  0.000000e+00  1.000000e+00
   outer loop
     vertex  5.605263e-01 -4.500000e-01  3.515625e-01
     vertex  1.815789e-01 -1.815789e-01  3.515625e-01
     vertex  4.823724e-01 -4.823724e-01  3.515625e-01
   endloop
 endfacet
 facet normal  0.000000e+00  0.000000e+00  1.000000e+00
   outer loop
     vertex -5.605263e-01  6.710526e-01  3.515625e-01
     vertex -7.500000e-01  7.500000e-01  3.515625e-01
     vertex -6.386802e-01  6.386802e-01  3.515625e-01
   endloop
 endfacet
 facet normal  0.000000e+00  0.000000e+00  1.000000e+00
   outer loop
     vertex  4.500000e-01  5.605263e-01  3.515625e-01
     vertex  1.815789e-01  1.815789e-01  3.515625e-01
     vertex  4.823724e-01  4.823724e-01  3.515625e-01
   endloop
 endfacet
 facet normal  0.000000e+00  0.000000e+00  1.000000e+00
   outer loop
     vertex  4.500000e-01  5.605263e-01  3.515625e-01
     vertex -1.815789e-01  1.815789e-01  3.515625e-01
     vertex  1.815789e-01  1.815789e-01  3.515625e-01
   endloop
 endfacet
 facet normal  0.000000e+00  0.000000e+00  1.000000e+00
   outer loop
     vertex  4.500000e-01  5.605263e-01  3.515625e-01
     vertex -4.500000e-01  5.605263e-01  3.515625e-01
     vertex -1.815789e-01  1.815789e-01  3.515625e-01
   endloop
 endfacet
 facet normal  0.000000e+00  0.000000e+00  1.000000e+00
   outer loop
     vertex  5.605263e-01  4.500000e-01  3.515625e-01
     vertex  1.815789e-01 -1.815789e-01  3.515625e-01
     vertex  5.605263e-01 -4.500000e-01  3.515625e-01
   endloop
 endfacet
 facet normal  0.000000e+00  0.000000e+00  1.000000e+00
   outer loop
     vertex  5.605263e-01  4.500000e-01  3.515625e-01
     vertex  4.823724e-01  4.823724e-01  3.515625e-01
     vertex  1.815789e-01  1.815789e-01  3.515625e-01
   endloop
 endfacet
 facet normal  0.000000e+00  0.000000e+00  1.000000e+00
   outer loop
     vertex  5.605263e-01  4.500000e-01  3.515625e-01
     vertex  1.815789e-01  1.815789e-01  3.515625e-01
     vertex  1.815789e-01 -1.815789e-01  3.515625e-01
   endloop
 endfacet
 facet normal  0.000000e+00  0.000000e+00  1.000000e+00
   outer loop
     vertex  4.823724e-01  6.386802e-01  3.515625e-01
     vertex -4.500000e-01  5.605263e-01  3.515625e-01
     vertex  4.500000e-01  5.605263e-01  3.515625e-01
   endloop
 endfacet
 facet normal  0.000000e+00  0.000000e+00  1.000000e+00
   outer loop
     vertex  4.823724e-01  6.386802e-01  3.515625e-01
     vertex -4.823724e-01  6.386802e-01  3.515625e-01
     vertex -4.500000e-01  5.605263e-01  3.515625e-01
   endloop
 endfacet
 facet normal  0.000000e+00  0.000000e+00  1.000000e+00
   outer loop
     vertex  6.386802e-01  4.823724e-01  3.515625e-01
     vertex  5.605263e-01  4.500000e-01  3.515625e-01
     vertex  5.605263e-01 -4.500000e-01  3.515625e-01
   endloop
 endfacet
 facet normal  0.000000e+00  0.000000e+00  1.000000e+00
   outer loop
     vertex  6.386802e-01  4.823724e-01  3.515625e-01
     vertex  5.605263e-01 -4.500000e-01  3.515625e-01
     vertex  6.386802e-01 -4.823724e-01  3.515625e-01
   endloop
 endfacet
 facet normal  0.000000e+00  0.000000e+00  1.000000e+00
   outer loop
     vertex  6.710526e-01  5.605263e-01  3.515625e-01
     vertex  6.386802e-01  4.823724e-01  3.515625e-01
     vertex  6.386802e-01 -4.823724e-01  3.515625e-01
   endloop
 endfacet
 facet normal  0.000000e+00  0.000000e+00  1.000000e+00
   outer loop
     vertex  6.710526e-01  5.605263e-01  3.515625e-01
     vertex  6.386802e-01 -4.823724e-01  3.515625e-01
     vertex  6.710526e-01 -5.605263e-01  3.515625e-01
   endloop
 endfacet
 facet normal  0.000000e+00  0.000000e+00  1.000000e+00
   outer loop
     vertex  7.500000e-01  7.500000e-01  3.515625e-01
     vertex  6.386802e-01  6.386802e-01  3.515625e-01
     vertex  6.710526e-01  5.605263e-01  3.515625e-01
   endloop
 endfacet
 facet normal  0.000000e+00  0.000000e+00  1.000000e+00
   outer loop
     vertex  7.500000e-01  7.500000e-01  3.515625e-01
     vertex  5.605263e-01  6.710526e-01  3.515625e-01
     vertex  6.386802e-01  6.386802e-01  3.515625e-01
   endloop
 endfacet
 facet normal  0.000000e+00  0.000000e+00  1.000000e+00
   outer loop
     vertex  7.500000e-01  7.500000e-01  3.515625e-01
     vertex  6.710526e-01  5.605263e-01  3.515625e-01
     vertex  6.710526e-01 -5.605263e-01  3.515625e-01
   endloop
 endfacet
 facet normal  0.000000e+00  0.000000e+00  1.000000e+00
   outer loop
     vertex  7.500000e-01  7.500000e-01  3.515625e-01
     vertex  6.710526e-01 -5.605263e-01  3.515625e-01
     vertex  7.500000e-01 -7.500000e-01  3.515625e-01
   endloop
 endfacet
 facet normal  0.000000e+00  0.000000e+00  1.000000e+00
   outer loop
     vertex  7.500000e-01  7.500000e-01  3.515625e-01
     vertex -7.500000e-01  7.500000e-01  3.515625e-01
     vertex -5.605263e-01  6.710526e-01  3.515625e-01
   endloop
 endfacet
 facet normal  0.000000e+00  0.000000e+00  1.000000e+00
   outer loop
     vertex  7.500000e-01  7.500000e-01  3.515625e-01
     vertex -5.605263e-01  6.710526e-01  3.515625e-01
     vertex -4.823724e-01  6.386802e-01  3.515625e-01
   endloop
 endfacet
 facet normal  0.000000e+00  0.000000e+00  1.000000e+00
   outer loop
     vertex  7.500000e-01  7.500000e-01  3.515625e-01
     vertex -4.823724e-01  6.386802e-01  3.515625e-01
     vertex  5.605263e-01  6.710526e-01  3.515625e-01
   endloop
 endfacet
 facet normal  0.000000e+00  0.000000e+00  1.000000e+00
   outer loop
     vertex  5.605263e-01  6.710526e-01  3.515625e-01
     vertex -4.823724e-01  6.386802e-01  3.515625e-01
     vertex  4.823724e-01  6.386802e-01  3.515625e-01
   endloop
 endfacet
 facet normal  0.000000e+00  1.000000e+00  0.000000e+00
   outer loop
     vertex -7.500000e-01  7.500000e-01  2.343750e-01
     vertex  7.500000e-01  7.500000e-01  3.515625e-01
     vertex  7.500000e-01  7.500000e-01  2.343750e-01
   endloop
 endfacet
 facet normal  0.000000e+00  1.000000e+00  0.000000e+00
   outer loop
     vertex -7.500000e-01  7.500000e-01  2.343750e-01
     vertex -7.500000e-01  7.500000e-01  3.515625e-01
     vertex  7.500000e-01  7.500000e-01  3.515625e-01
   endloop
 endfacet
 facet normal -1.000000e+00  0.000000e+00  0.000000e+00
   outer loop
     vertex -7.500000e-01 -7.500000e-01  1.171875e-01
     vertex -7.500000e-01  7.500000e-01  2.343750e-01
     vertex -7.500000e-01  7.500000e-01  1.171875e-01
   endloop
 endfacet
 facet normal -1.000000e+00  0.000000e+00  0.000000e+00
   outer loop
     vertex -7.500000e-01 -7.500000e-01  1.171875e-01
     vertex -7.500000e-01 -7.500000e-01  2.343750e-01
     vertex -7.500000e-01  7.500000e-01  2.343750e-01
   endloop
 endfacet
 facet normal  1.000000e+00  0.000000e+00  0.000000e+00
   outer loop
     vertex  7.500000e-01  7.500000e-01  1.171875e-01
     vertex  7.500000e-01 -7.500000e-01  2.343750e-01
     vertex  7.500000e-01 -7.500000e-01  1.171875e-01
   endloop
 endfacet
 facet normal  1.000000e+00  0.000000e+00 -0.000000e+00
   outer loop
     vertex  7.500000e-01  7.500000e-01  1.171875e-01
     vertex  7.500000e-01  7.500000e-01  2.343750e-01
     vertex  7.500000e-01 -7.500000e-01  2.343750e-01
   endloop
 endfacet
 facet normal  0.000000e+00 -1.000000e+00  0.000000e+00
   outer loop
     vertex  7.500000e-01 -7.500000e-01  0.000000e+00
     vertex -7.500000e-01 -7.500000e-01  1.171875e-01
     vertex -7.500000e-01 -7.500000e-01  0.000000e+00
   endloop
 endfacet
 facet normal  0.000000e+00 -1.000000e+00  0.000000e+00
   outer loop
     vertex  7.500000e-01 -7.500000e-01  0.000000e+00
     vertex  7.500000e-01 -7.500000e-01  1.171875e-01
     vertex -7.500000e-01 -7.500000e-01  1.171875e-01
   endloop
 endfacet
 facet normal -9.238795e-01  3.826834e-01  0.000000e+00
   outer loop
     vertex -4.823724e-01 -6.386802e-01  2.343750e-01
     vertex -4.500000e-01 -5.605263e-01  3.515625e-01
     vertex -4.500000e-01 -5.605263e-01  2.343750e-01
   endloop
 endfacet
 facet normal -9.238795e-01  3.826834e-01  0.000000e+00
   outer loop
     vertex -4.823724e-01 -6.386802e-01  2.343750e-01
     vertex -4.823724e-01 -6.386802e-01  3.515625e-01
     vertex -4.500000e-01 -5.605263e-01  3.515625e-01
   endloop
 endfacet
 facet normal -3.826834e-01  9.238795e-01  0.000000e+00
   outer loop
     vertex -5.605263e-01 -6.710526e-01  2.343750e-01
     vertex -5.605263e-01 -6.710526e-01  3.515625e-01
     vertex -4.823724e-01 -6.386802e-01  3.515625e-01
   endloop
 endfacet
 facet normal -3.826834e-01  9.238795e-01  0.000000e+00
   outer loop
     vertex -5.605263e-01 -6.710526e-01  2.343750e-01
     vertex -4.823724e-01 -6.386802e-01  3.515625e-01
     vertex -4.823724e-01 -6.386802e-01  2.343750e-01
   endloop
 endfacet
 facet normal  3.826834e-01  9.238795e-01 -0.000000e+00
   outer loop
     vertex -6.386802e-01 -6.386802e-01  2.343750e-01
     vertex -6.386802e-01 -6.386802e-01  3.515625e-01
     vertex -5.605263e-01 -6.710526e-01  3.515625e-01
   endloop
 endfacet
 facet normal  3.826834e-01  9.238795e-01  0.000000e+00
   outer loop
     vertex -6.386802e-01 -6.386802e-01  2.343750e-01
     vertex -5.605263e-01 -6.710526e-01  3.515625e-01
     vertex -5.605263e-01 -6.710526e-01  2.343750e-01
   endloop
 endfacet
 facet normal  9.238795e-01  3.826834e-01 -0.000000e+00
   outer loop
     vertex -6.710526e-01 -5.605263e-01  2.343750e-01
     vertex -6.710526e-01 -5.605263e-01  3.515625e-01
     vertex -6.386802e-01 -6.386802e-01  3.515625e-01
   endloop
 endfacet
 facet normal  9.238795e-01  3.826834e-01  0.000000e+00
   outer loop
     vertex -6.710526e-01 -5.605263e-01  2.343750e-01
     vertex -6.386802e-01 -6.386802e-01  3.515625e-01
     vertex -6.386802e-01 -6.386802e-01  2.343750e-01
   endloop
 endfacet
 facet normal  9.238795e-01 -3.826834e-01  0.000000e+00
   outer loop
     vertex -6.386802e-01 -4.823724e-01  2.343750e-01
     vertex -6.386802e-01 -4.823724e-01  3.515625e-01
     vertex -6.710526e-01 -5.605263e-01  3.515625e-01
   endloop
 endfacet
 facet normal  9.238795e-01 -3.826834e-01  0.000000e+00
   outer loop
     vertex -6.386802e-01 -4.823724e-01  2.343750e-01
     vertex -6.710526e-01 -5.605263e-01  3.515625e-01
     vertex -6.710526e-01 -5.605263e-01  2.343750e-01
   endloop
 endfacet
 facet normal  3.826834e-01 -9.238795e-01  0.000000e+00
   outer loop
     vertex -5.605263e-01 -4.500000e-01  2.343750e-01
     vertex -5.605263e-01 -4.500000e-01  3.515625e-01
     vertex -6.386802e-01 -4.823724e-01  3.515625e-01
   endloop
 endfacet
 facet normal  3.826834e-01 -9.238795e-01  0.000000e+00
   outer loop
     vertex -5.605263e-01 -4.500000e-01  2.343750e-01
     vertex -6.386802e-01 -4.823724e-01  3.515625e-01
     vertex -6.386802e-01 -4.823724e-01  2.343750e-01
   endloop
 endfacet
 facet normal -3.826834e-01 -9.238795e-01  0.000000e+00
   outer loop
     vertex -4.823724e-01 -4.823724e-01  2.343750e-01
     vertex -4.823724e-01 -4.823724e-01  3.515625e-01
     vertex -5.605263e-01 -4.500000e-01  3.515625e-01
   endloop
 endfacet
 facet normal -3.826834e-01 -9.238795e-01  0.000000e+00
   outer loop
     vertex -4.823724e-01 -4.823724e-01  2.343750e-01
     vertex -5.605263e-01 -4.500000e-01  3.515625e-01
     vertex -5.605263e-01 -4.500000e-01  2.343750e-01
   endloop
 endfacet
 facet normal -9.238795e-01 -3.826834e-01  0.000000e+00
   outer loop
     vertex -4.500000e-01 -5.605263e-01  2.343750e-01
     vertex -4.500000e-01 -5.605263e-01  3.515625e-01
     vertex -4.823724e-01 -4.823724e-01  3.515625e-01
   endloop
 endfacet
 facet normal -9.238795e-01 -3.826834e-01  0.000000e+00
   outer loop
     vertex -4.500000e-01 -5.605263e-01  2.343750e-01
     vertex -4.823724e-01 -4.823724e-01  3.515625e-01
     vertex -4.823724e-01 -4.823724e-01  2.343750e-01
   endloop
 endfacet
 facet normal -9.238795e-01  3.826834e-01  0.000000e+00
   outer loop
     vertex -4.823724e-01  4.823724e-01  2.343750e-01
     vertex -4.500000e-01  5.605263e-01  3.515625e-01
     vertex -4.500000e-01  5.605263e-01  2.343750e-01
   endloop
 endfacet
 facet normal -9.238795e-01  3.826834e-01  0.000000e+00
   outer loop
     vertex -4.823724e-01  4.823724e-01  2.343750e-01
     vertex -4.823724e-01  4.823724e-01  3.515625e-01
     vertex -4.500000e-01  5.605263e-01  3.515625e-01
   endloop
 endfacet
 facet normal -3.826834e-01  9.238795e-01  0.000000e+00
   outer loop
     vertex -5.605263e-01  4.500000e-01  2.343750e-01
     vertex -5.605263e-01  4.500000e-01  3.515625e-01
     vertex -4.823724e-01  4.823724e-01  3.515625e-01
   endloop
 endfacet
 facet normal -3.826834e-01  9.238795e-01  0.000000e+00
   outer loop
     vertex -5.605263e-01  4.500000e-01  2.343750e-01
     vertex -4.823724e-01  4.823724e-01  3.515625e-01
     vertex -4.823724e-01  4.823724e-01  2.343750e-01
   endloop
 endfacet
 facet normal  3.826834e-01  9.238795e-01 -0.000000e+00
   outer loop
     vertex -6.386802e-01  4.823724e-01  2.343750e-01
     vertex -6.386802e-01  4.823724e-01  3.515625e-01
     vertex -5.605263e-01  4.500000e-01  3.515625e-01
   endloop
 endfacet
 facet normal  3.826834e-01  9.238795e-01  0.000000e+00
   outer loop
     vertex -6.386802e-01  4.823724e-01  2.343750e-01
     vertex -5.605263e-01  4.500000e-01  3.515625e-01
     vertex -5.605263e-01  4.500000e-01  2.343750e-01
   endloop
 endfacet
 facet normal  9.238795e-01  3.826834e-01 -0.000000e+00
   outer loop
     vertex -6.710526e-01  5.605263e-01  2.343750e-01
     vertex -6.710526e-01  5.605263e-01  3.515625e-01
     vertex -6.386802e-01  4.823724e-01  3.515625e-01
   endloop
 endfacet
 facet normal  9.238795e-01  3.826834e-01  0.000000e+00
   outer loop
     vertex -6.710526e-01  5.605263e-01  2.343750e-01
     vertex -6.386802e-01  4.823724e-01  3.515625e-01
     vertex -6.386802e-01  4.823724e-01  2.343750e-01
   endloop
 endfacet
 facet normal  9.238795e-01 -3.826834e-01  0.000000e+00
   outer loop
     vertex -6.386802e-01  6.386802e-01  2.343750e-01
     vertex -6.386802e-01  6.386802e-01  3.515625e-01
     vertex -6.710526e-01  5.605263e-01  3.515625e-01
   endloop
 endfacet
 facet normal  9.238795e-01 -3.826834e-01  0.000000e+00
   outer loop
     vertex -6.386802e-01  6.386802e-01  2.343750e-01
     vertex -6.710526e-01  5.605263e-01  3.515625e-01
     vertex -6.710526e-01  5.605263e-01  2.343750e-01
   endloop
 endfacet
 facet normal  3.826834e-01 -9.238795e-01  0.000000e+00
   outer loop
     vertex -5.605263e-01  6.710526e-01  2.343750e-01
     vertex -5.605263e-01  6.710526e-01  3.515625e-01
     vertex -6.386802e-01  6.386802e-01  3.515625e-01
   endloop
 endfacet
 facet normal  3.826834e-01 -9.238795e-01  0.000000e+00
   outer loop
     vertex -5.605263e-01  6.710526e-01  2.343750e-01
     vertex -6.386802e-01  6.386802e-01  3.515625e-01
     vertex -6.386802e-01  6.386802e-01  2.343750e-01
   endloop
 endfacet
 facet normal -3.826834e-01 -9.238795e-01  0.000000e+00
   outer loop
     vertex -4.823724e-01  6.386802e-01  2.343750e-01
     vertex -4.823724e-01  6.386802e-01  3.515625e-01
     vertex -5.605263e-01  6.710526e-01  3.515625e-01
   endloop
 endfacet
 facet normal -3.826834e-01 -9.238795e-01  0.000000e+00
   outer loop
     vertex -4.823724e-01  6.386802e-01  2.343750e-01
     vertex -5.605263e-01  6.710526e-01  3.515625e-01
     vertex -5.605263e-01  6.710526e-01  2.343750e-01
   endloop
 endfacet
 facet normal -9.238795e-01 -3.826834e-01  0.000000e+00
   outer loop
     vertex -4.500000e-01  5.605263e-01  2.343750e-01
     vertex -4.500000e-01  5.605263e-01  3.515625e-01
     vertex -4.823724e-01  6.386802e-01  3.515625e-01
   endloop
 endfacet
 facet normal -9.238795e-01 -3.826834e-01  0.000000e+00
   outer loop
     vertex -4.500000e-01  5.605263e-01  2.343750e-01
     vertex -4.823724e-01  6.386802e-01  3.515625e-01
     vertex -4.823724e-01  6.386802e-01  2.343750e-01
   endloop
 endfacet
 facet normal  0.000000e+00  1.000000e+00  0.000000e+00
   outer loop
     vertex  1.815789e-01 -1.815789e-01  2.343750e-01
     vertex -1.815789e-01 -1.815789e-01  2.343750e-01
     vertex -1.815789e-01 -1.815789e-01  3.515625e-01
   endloop
 endfacet
 facet normal  0.000000e+00  1.000000e+00 -0.000000e+00
   outer loop
     vertex  1.815789e-01 -1.815789e-01  2.343750e-01
     vertex -1.815789e-01 -1.815789e-01  3.515625e-01
     vertex  1.815789e-01 -1.815789e-01  3.515625e-01
   endloop
 endfacet
 facet normal -1.000000e+00  0.000000e+00  0.000000e+00
   outer loop
     vertex  1.815789e-01  1.815789e-01  2.343750e-01
     vertex  1.815789e-01 -1.815789e-01  2.343750e-01
     vertex  1.815789e-01 -1.815789e-01  3.515625e-01
   endloop
 endfacet
 facet normal -1.000000e+00  0.000000e+00  0.000000e+00
   outer loop
     vertex  1.815789e-01  1.815789e-01  2.343750e-01
     vertex  1.815789e-01 -1.815789e-01  3.515625e-01
     vertex  1.815789e-01  1.815789e-01  3.515625e-01
   endloop
 endfacet
 facet normal  0.000000e+00 -1.000000e+00  0.000000e+00
   outer loop
     vertex -1.815789e-01  1.815789e-01  2.343750e-01
     vertex  1.815789e-01  1.815789e-01  2.343750e-01
     vertex  1.815789e-01  1.815789e-01  3.515625e-01
   endloop
 endfacet
 facet normal  0.000000e+00 -1.000000e+00  0.000000e+00
   outer loop
     vertex -1.815789e-01  1.815789e-01  2.343750e-01
     vertex  1.815789e-01  1.815789e-01  3.515625e-01
     vertex -1.815789e-01  1.815789e-01  3.515625e-01
   endloop
 endfacet
 facet normal  1.000000e+00  0.000000e+00  0.000000e+00
   outer loop
     vertex -1.815789e-01 -1.815789e-01  2.343750e-01
     vertex -1.815789e-01  1.815789e-01  2.343750e-01
     vertex -1.815789e-01  1.815789e-01  3.515625e-01
   endloop
 endfacet
 facet normal  1.000000e+00  0.000000e+00  0.000000e+00
   outer loop
     vertex -1.815789e-01 -1.815789e-01  2.343750e-01
     vertex -1.815789e-01  1.815789e-01  3.515625e-01
     vertex -1.815789e-01 -1.815789e-01  3.515625e-01
   endloop
 endfacet
 facet normal -9.238795e-01  3.826834e-01  0.000000e+00
   outer loop
     vertex  6.386802e-01 -6.386802e-01  2.343750e-01
     vertex  6.710526e-01 -5.605263e-01  3.515625e-01
     vertex  6.710526e-01 -5.605263e-01  2.343750e-01
   endloop
 endfacet
 facet normal -9.238795e-01  3.826834e-01  0.000000e+00
   outer loop
     vertex  6.386802e-01 -6.386802e-01  2.343750e-01
     vertex  6.386802e-01 -6.386802e-01  3.515625e-01
     vertex  6.710526e-01 -5.605263e-01  3.515625e-01
   endloop
 endfacet
 facet normal -3.826834e-01  9.238795e-01  0.000000e+00
   outer loop
     vertex  5.605263e-01 -6.710526e-01  2.343750e-01
     vertex  5.605263e-01 -6.710526e-01  3.515625e-01
     vertex  6.386802e-01 -6.386802e-01  3.515625e-01
   endloop
 endfacet
 facet normal -3.826834e-01  9.238795e-01  0.000000e+00
   outer loop
     vertex  5.605263e-01 -6.710526e-01  2.343750e-01
     vertex  6.386802e-01 -6.386802e-01  3.515625e-01
     vertex  6.386802e-01 -6.386802e-01  2.343750e-01
   endloop
 endfacet
 facet normal  3.826834e-01  9.238795e-01 -0.000000e+00
   outer loop
     vertex  4.823724e-01 -6.386802e-01  2.343750e-01
     vertex  4.823724e-01 -6.386802e-01  3.515625e-01
     vertex  5.605263e-01 -6.710526e-01  3.515625e-01
   endloop
 endfacet
 facet normal  3.826834e-01  9.238795e-01  0.000000e+00
   outer loop
     vertex  4.823724e-01 -6.386802e-01  2.343750e-01
     vertex  5.605263e-01 -6.710526e-01  3.515625e-01
     vertex  5.605263e-01 -6.710526e-01  2.343750e-01
   endloop
 endfacet
 facet normal  9.238795e-01  3.826834e-01 -0.000000e+00
   outer loop
     vertex  4.500000e-01 -5.605263e-01  2.343750e-01
     vertex  4.500000e-01 -5.605263e-01  3.515625e-01
     vertex  4.823724e-01 -6.386802e-01  3.515625e-01
   endloop
 endfacet
 facet normal  9.238795e-01  3.826834e-01  0.000000e+00
   outer loop
     vertex  4.500000e-01 -5.605263e-01  2.343750e-01
     vertex  4.823724e-01 -6.386802e-01  3.515625e-01
     vertex  4.823724e-01 -6.386802e-01  2.343750e-01
   endloop
 endfacet
 facet normal  9.238795e-01 -3.826834e-01  0.000000e+00
   outer loop
     vertex  4.823724e-01 -4.823724e-01  2.343750e-01
     vertex  4.823724e-01 -4.823724e-01  3.515625e-01
     vertex  4.500000e-01 -5.605263e-01  3.515625e-01
   endloop
 endfacet
 facet normal  9.238795e-01 -3.826834e-01  0.000000e+00
   outer loop
     vertex  4.823724e-01 -4.823724e-01  2.343750e-01
     vertex  4.500000e-01 -5.605263e-01  3.515625e-01
     vertex  4.500000e-01 -5.605263e-01  2.343750e-01
   endloop
 endfacet
 facet normal  3.826834e-01 -9.238795e-01  0.000000e+00
   outer loop
     vertex  5.605263e-01 -4.500000e-01  2.343750e-01
     vertex  5.605263e-01 -4.500000e-01  3.515625e-01
     vertex  4.823724e-01 -4.823724e-01  3.515625e-01
   endloop
 endfacet
 facet normal  3.826834e-01 -9.238795e-01  0.000000e+00
   outer loop
     vertex  5.605263e-01 -4.500000e-01  2.343750e-01
     vertex  4.823724e-01 -4.823724e-01  3.515625e-01
     vertex  4.823724e-01 -4.823724e-01  2.343750e-01
   endloop
 endfacet
 facet normal -3.826834e-01 -9.238795e-01  0.000000e+00
   outer loop
     vertex  6.386802e-01 -4.823724e-01  2.343750e-01
     vertex  6.386802e-01 -4.823724e-01  3.515625e-01
     vertex  5.605263e-01 -4.500000e-01  3.515625e-01
   endloop
 endfacet
 facet normal -3.826834e-01 -9.238795e-01  0.000000e+00
   outer loop
     vertex  6.386802e-01 -4.823724e-01  2.343750e-01
     vertex  5.605263e-01 -4.500000e-01  3.515625e-01
     vertex  5.605263e-01 -4.500000e-01  2.343750e-01
   endloop
 endfacet
 facet normal -9.238795e-01 -3.826834e-01  0.000000e+00
   outer loop
     vertex  6.710526e-01 -5.605263e-01  2.343750e-01
     vertex  6.710526e-01 -5.605263e-01  3.515625e-01
     vertex  6.386802e-01 -4.823724e-01  3.515625e-01
   endloop
 endfacet
 facet normal -9.238795e-01 -3.826834e-01  0.000000e+00
   outer loop
     vertex  6.710526e-01 -5.605263e-01  2.343750e-01
     vertex  6.386802e-01 -4.823724e-01  3.515625e-01
     vertex  6.386802e-01 -4.823724e-01  2.343750e-01
   endloop
 endfacet
 facet normal -9.238795e-01  3.826834e-01  0.000000e+00
   outer loop
     vertex  6.386802e-01  4.823724e-01  2.343750e-01
     vertex  6.710526e-01  5.605263e-01  3.515625e-01
     vertex  6.710526e-01  5.605263e-01  2.343750e-01
   endloop
 endfacet
 facet normal -9.238795e-01  3.826834e-01  0.000000e+00
   outer loop
     vertex  6.386802e-01  4.823724e-01  2.343750e-01
     vertex  6.386802e-01  4.823724e-01  3.515625e-01
     vertex  6.710526e-01  5.605263e-01  3.515625e-01
   endloop
 endfacet
 facet normal -3.826834e-01  9.238795e-01  0.000000e+00
   outer loop
     vertex  5.605263e-01  4.500000e-01  2.343750e-01
     vertex  5.605263e-01  4.500000e-01  3.515625e-01
     vertex  6.386802e-01  4.823724e-01  3.515625e-01
   endloop
 endfacet
 facet normal -3.826834e-01  9.238795e-01  0.000000e+00
   outer loop
     vertex  5.605263e-01  4.500000e-01  2.343750e-01
     vertex  6.386802e-01  4.823724e-01  3.515625e-01
     vertex  6.386802e-01  4.823724e-01  2.343750e-01
   endloop
 endfacet
 facet normal  3.826834e-01  9.238795e-01 -0.000000e+00
   outer loop
     vertex  4.823724e-01  4.823724e-01  2.343750e-01
     vertex  4.823724e-01  4.823724e-01  3.515625e-01
     vertex  5.605263e-01  4.500000e-01  3.515625e-01
   endloop
 endfacet
 facet normal  3.826834e-01  9.238795e-01  0.000000e+00
   outer loop
     vertex  4.823724e-01  4.823724e-01  2.343750e-01
     vertex  5.605263e-01  4.500000e-01  3.515625e-01
     vertex  5.605263e-01  4.500000e-01  2.343750e-01
   endloop
 endfacet
 facet normal  9.238795e-01  3.826834e-01 -0.000000e+00
   outer loop
     vertex  4.500000e-01  5.605263e-01  2.343750e-01
     vertex  4.500000e-01  5.605263e-01  3.515625e-01
     vertex  4.823724e-01  4.823724e-01  3.515625e-01
   endloop
 endfacet
 facet normal  9.238795e-01  3.826834e-01  0.000000e+00
   outer loop
     vertex  4.500000e-01  5.605263e-01  2.343750e-01
     vertex  4.823724e-01  4.823724e-01  3.515625e-01
     vertex  4.823724e-01  4.823724e-01  2.343750e-01
   endloop
 endfacet
 facet normal  9.238795e-01 -3.826834e-01  0.000000e+00
   outer loop
     vertex  4.823724e-01  6.386802e-01  2.343750e-01
     vertex  4.823724e-01  6.386802e-01  3.515625e-01
     vertex  4.500000e-01  5.605263e-01  3.515625e-01
   endloop
 endfacet
 facet normal  9.238795e-01 -3.826834e-01  0.000000e+00
   outer loop
     vertex  4.823724e-01  6.386802e-01  2.343750e-01
     vertex  4.500000e-01  5.605263e-01  3.515625e-01
     vertex  4.500000e-01  5.605263e-01  2.343750e-01
   endloop
 endfacet
 facet normal  3.826834e-01 -9.238795e-01  0.000000e+00
   outer loop
     vertex  5.605263e-01  6.710526e-01  2.343750e-01
     vertex  5.605263e-01  6.710526e-01  3.515625e-01
     vertex  4.823724e-01  6.386802e-01  3.515625e-01
   endloop
 endfacet
 facet normal  3.826834e-01 -9.238795e-01  0.000000e+00
   outer loop
     vertex  5.605263e-01  6.710526e-01  2.343750e-01
     vertex  4.823724e-01  6.386802e-01  3.515625e-01
     vertex  4.823724e-01  6.386802e-01  2.343750e-01
   endloop
 endfacet
 facet normal -3.826834e-01 -9.238795e-01  0.000000e+00
   outer loop
     vertex  6.386802e-01  6.386802e-01  2.343750e-01
     vertex  6.386802e-01  6.386802e-01  3.515625e-01
     vertex  5.605263e-01  6.710526e-01  3.515625e-01
   endloop
 endfacet
 facet normal -3.826834e-01 -9.238795e-01  0.000000e+00
   outer loop
     vertex  6.386802e-01  6.386802e-01  2.343750e-01
     vertex  5.605263e-01  6.710526e-01  3.515625e-01
     vertex  5.605263e-01  6.710526e-01  2.343750e-01
   endloop
 endfacet
 facet normal -9.238795e-01 -3.826834e-01  0.000000e+00
   outer loop
     vertex  6.710526e-01  5.605263e-01  2.343750e-01
     vertex  6.710526e-01  5.605263e-01  3.515625e-01
     vertex  6.386802e-01  6.386802e-01  3.515625e-01
   endloop
 endfacet
 facet normal -9.238795e-01 -3.826834e-01  0.000000e+00
   outer loop
     vertex  6.710526e-01  5.605263e-01  2.343750e-01
     vertex  6.386802e-01  6.386802e-01  3.515625e-01
     vertex  6.386802e-01  6.386802e-01  2.343750e-01
   endloop
 endfacet
 facet normal  0.000000e+00  1.000000e+00  0.000000e+00
   outer loop
     vertex -7.500000e-01  7.500000e-01  1.171875e-01
     vertex  7.500000e-01  7.500000e-01  2.343750e-01
     vertex  7.500000e-01  7.500000e-01  1.171875e-01
   endloop
 endfacet
 facet normal  0.000000e+00  1.000000e+00  0.000000e+00
   outer loop
     vertex -7.500000e-01  7.500000e-01  1.171875e-01
     vertex -7.500000e-01  7.500000e-01  2.343750e-01
     vertex  7.500000e-01  7.500000e-01  2.343750e-01
   endloop
 endfacet
 facet normal -1.000000e+00  0.000000e+00  0.000000e+00
   outer loop
     vertex -7.500000e-01 -7.500000e-01  0.000000e+00
     vertex -7.500000e-01  7.500000e-01  1.171875e-01
     vertex -7.500000e-01  7.500000e-01  0.000000e+00
   endloop
 endfacet
 facet normal -1.000000e+00  0.000000e+00  0.000000e+00
   outer loop
     vertex -7.500000e-01 -7.500000e-01  0.000000e+00
     vertex -7.500000e-01 -7.500000e-01  1.171875e-01
     vertex -7.500000e-01  7.500000e-01  1.171875e-01
   endloop
 endfacet
 facet normal  1.000000e+00  0.000000e+00  0.000000e+00
   outer loop
     vertex  7.500000e-01  7.500000e-01  0.000000e+00
     vertex  7.500000e-01 -7.500000e-01  1.171875e-01
     vertex  7.500000e-01 -7.500000e-01  0.000000e+00
   endloop
 endfacet
 facet normal  1.000000e+00  0.000000e+00 -0.000000e+00
   outer loop
     vertex  7.500000e-01  7.500000e-01  0.000000e+00
     vertex  7.500000e-01  7.500000e-01  1.171875e-01
     vertex  7.500000e-01 -7.500000e-01  1.171875e-01
   endloop
 endfacet
 facet normal -0.000000e+00  0.000000e+00 -1.000000e+00
   outer loop
     vertex -5.410095e-01 -6.205930e-01  0.000000e+00
     vertex -7.500000e-01 -7.500000e-01  0.000000e+00
     vertex -6.116221e-01 -5.976496e-01  0.000000e+00
   endloop
 endfacet
 facet normal  0.000000e+00 -0.000000e+00 -1.000000e+00
   outer loop
     vertex -6.116221e-01 -5.234030e-01  0.000000e+00
     vertex -6.116221e-01 -5.976496e-01  0.000000e+00
     vertex -7.500000e-01 -7.500000e-01  0.000000e+00
   endloop
 endfacet
 facet normal -0.000000e+00  0.000000e+00 -1.000000e+00
   outer loop
     vertex  5.094305e-01 -5.976496e-01  0.000000e+00
     vertex -5.410095e-01 -6.205930e-01  0.000000e+00
     vertex -4.973684e-01 -5.605263e-01  0.000000e+00
   endloop
 endfacet
 facet normal  0.000000e+00 -0.000000e+00 -1.000000e+00
   outer loop
     vertex -5.410095e-01  5.004596e-01  0.000000e+00
     vertex -5.410095e-01 -5.004596e-01  0.000000e+00
     vertex -6.116221e-01 -5.234030e-01  0.000000e+00
   endloop
 endfacet
 facet normal -0.000000e+00  0.000000e+00 -1.000000e+00
   outer loop
     vertex -5.410095e-01  5.004596e-01  0.000000e+00
     vertex -6.116221e-01 -5.234030e-01  0.000000e+00
     vertex -6.116221e-01  5.234030e-01  0.000000e+00
   endloop
 endfacet
 facet normal -0.000000e+00  0.000000e+00 -1.000000e+00
   outer loop
     vertex  5.094305e-01 -5.234030e-01  0.000000e+00
     vertex -4.973684e-01 -5.605263e-01  0.000000e+00
     vertex -5.410095e-01 -5.004596e-01  0.000000e+00
   endloop
 endfacet
 facet normal  0.000000e+00 -0.000000e+00 -1.000000e+00
   outer loop
     vertex  5.094305e-01 -5.234030e-01  0.000000e+00
     vertex  5.094305e-01 -5.976496e-01  0.000000e+00
     vertex -4.973684e-01 -5.605263e-01  0.000000e+00
   endloop
 endfacet
 facet normal  0.000000e+00  0.000000e+00 -1.000000e+00
   outer loop
     vertex -7.500000e-01  7.500000e-01  0.000000e+00
     vertex -6.116221e-01  5.976496e-01  0.000000e+00
     vertex -6.116221e-01  5.234030e-01  0.000000e+00
   endloop
 endfacet
 facet normal  0.000000e+00  0.000000e+00 -1.000000e+00
   outer loop
     vertex -7.500000e-01  7.500000e-01  0.000000e+00
     vertex -6.116221e-01  5.234030e-01  0.000000e+00
     vertex -6.116221e-01 -5.234030e-01  0.000000e+00
   endloop
 endfacet
 facet normal  0.000000e+00  0.000000e+00 -1.000000e+00
   outer loop
     vertex -7.500000e-01  7.500000e-01  0.000000e+00
     vertex -6.116221e-01 -5.234030e-01  0.000000e+00
     vertex -7.500000e-01 -7.500000e-01  0.000000e+00
   endloop
 endfacet
 facet normal  0.000000e+00  0.000000e+00 -1.000000e+00
   outer loop
     vertex  7.500000e-01 -7.500000e-01  0.000000e+00
     vertex  5.094305e-01 -5.976496e-01  0.000000e+00
     vertex  5.800432e-01 -6.205930e-01  0.000000e+00
   endloop
 endfacet
 facet normal  0.000000e+00  0.000000e+00 -1.000000e+00
   outer loop
     vertex  7.500000e-01 -7.500000e-01  0.000000e+00
     vertex -5.410095e-01 -6.205930e-01  0.000000e+00
     vertex  5.094305e-01 -5.976496e-01  0.000000e+00
   endloop
 endfacet
 facet normal  0.000000e+00  0.000000e+00 -1.000000e+00
   outer loop
     vertex  7.500000e-01 -7.500000e-01  0.000000e+00
     vertex -7.500000e-01 -7.500000e-01  0.000000e+00
     vertex -5.410095e-01 -6.205930e-01  0.000000e+00
   endloop
 endfacet
 facet normal  0.000000e+00 -0.000000e+00 -1.000000e+00
   outer loop
     vertex  6.236842e-01 -5.605263e-01  0.000000e+00
     vertex  7.500000e-01 -7.500000e-01  0.000000e+00
     vertex  5.800432e-01 -6.205930e-01  0.000000e+00
   endloop
 endfacet
 facet normal -0.000000e+00  0.000000e+00 -1.000000e+00
   outer loop
     vertex -5.410095e-01  6.205930e-01  0.000000e+00
     vertex -6.116221e-01  5.976496e-01  0.000000e+00
     vertex -7.500000e-01  7.500000e-01  0.000000e+00
   endloop
 endfacet
 facet normal -0.000000e+00  0.000000e+00 -1.000000e+00
   outer loop
     vertex  5.094305e-01  5.234030e-01  0.000000e+00
     vertex -5.410095e-01  5.004596e-01  0.000000e+00
     vertex -4.973684e-01  5.605263e-01  0.000000e+00
   endloop
 endfacet
