solid 
 facet normal  0.000000e+00  0.000000e+00 -1.000000e+00
   outer loop
     vertex  3.125000e-02  4.305399e-18 -3.906250e-02
     vertex -3.906250e-02 -7.500000e-01 -3.906250e-02
     vertex -3.906250e-02  0.000000e+00 -3.906250e-02
   endloop
 endfacet
 facet normal  0.000000e+00 -0.000000e+00 -1.000000e+00
   outer loop
     vertex  3.125000e-02  4.305399e-18 -3.906250e-02
     vertex  3.125000e-02 -7.500000e-01 -3.906250e-02
     vertex -3.906250e-02 -7.500000e-01 -3.906250e-02
   endloop
 endfacet
 facet normal -1.000000e+00  0.000000e+00  0.000000e+00
   outer loop
     vertex -3.906250e-02  0.000000e+00 -3.906250e-02
     vertex -3.906250e-02 -7.500000e-01  3.125000e-02
     vertex -3.906250e-02  4.305399e-18  3.125000e-02
   endloop
 endfacet
 facet normal -1.000000e+00  0.000000e+00  0.000000e+00
   outer loop
     vertex -3.906250e-02  0.000000e+00 -3.906250e-02
     vertex -3.906250e-02 -7.500000e-01 -3.906250e-02
     vertex -3.906250e-02 -7.500000e-01  3.125000e-02
   endloop
 endfacet
 facet normal  1.000000e+00  0.000000e+00  0.000000e+00
   outer loop
     vertex  3.125000e-02  8.610798e-18  3.125000e-02
     vertex  3.125000e-02 -7.500000e-01 -3.906250e-02
     vertex  3.125000e-02  4.305399e-18 -3.906250e-02
   endloop
 endfacet
 facet normal  1.000000e+00  0.000000e+00  0.000000e+00
   outer loop
     vertex  3.125000e-02  8.610798e-18  3.125000e-02
     vertex  3.125000e-02 -7.500000e-01  3.125000e-02
     vertex  3.125000e-02 -7.500000e-01 -3.906250e-02
   endloop
 endfacet
 facet normal -0.000000e+00  0.000000e+00 -1.000000e+00
   outer loop
     vertex  3.125000e-02  4.305399e-18 -3.906250e-02
     vertex -3.906250e-02  0.000000e+00 -3.906250e-02
     vertex -3.906250e-02  7.500000e-01 -3.906250e-02
   endloop
 endfacet
 facet normal  0.000000e+00  0.000000e+00 -1.000000e+00
   outer loop
     vertex  3.125000e-02  4.305399e-18 -3.906250e-02
     vertex -3.906250e-02  7.500000e-01 -3.906250e-02
     vertex  3.125000e-02  7.500000e-01 -3.906250e-02
   endloop
 endfacet
 facet normal  0.000000e+00 -1.000000e+00 -0.000000e+00
   outer loop
     vertex  2.532895e-02 -7.500000e-01 -3.314145e-02
     vertex -3.906250e-02 -7.500000e-01 -3.906250e-02
     vertex  3.125000e-02 -7.500000e-01 -3.906250e-02
   endloop
 endfacet
 facet normal -0.000000e+00 -1.000000e+00  0.000000e+00
   outer loop
     vertex  2.532895e-02 -7.500000e-01 -3.314145e-02
     vertex -3.314145e-02 -7.500000e-01 -3.314145e-02
     vertex -3.906250e-02 -7.500000e-01 -3.906250e-02
   endloop
 endfacet
 facet normal -0.000000e+00 -1.000000e+00  0.000000e+00
   outer loop
     vertex -3.314145e-02 -7.500000e-01  2.532895e-02
     vertex -3.906250e-02 -7.500000e-01  3.125000e-02
     vertex -3.906250e-02 -7.500000e-01 -3.906250e-02
   endloop
 endfacet
 facet normal  0.000000e+00 -1.000000e+00 -0.000000e+00
   outer loop
     vertex -3.314145e-02 -7.500000e-01  2.532895e-02
     vertex -3.906250e-02 -7.500000e-01 -3.906250e-02
     vertex -3.314145e-02 -7.500000e-01 -3.314145e-02
   endloop
 endfacet
 facet normal  0.000000e+00 -1.000000e+00  0.000000e+00
   outer loop
     vertex  3.125000e-02 -7.500000e-01  3.125000e-02
     vertex  2.532895e-02 -7.500000e-01  2.532895e-02
     vertex  2.532895e-02 -7.500000e-01 -3.314145e-02
   endloop
 endfacet
 facet normal  0.000000e+00 -1.000000e+00 -0.000000e+00
   outer loop
     vertex  3.125000e-02 -7.500000e-01  3.125000e-02
     vertex  2.532895e-02 -7.500000e-01 -3.314145e-02
     vertex  3.125000e-02 -7.500000e-01 -3.906250e-02
   endloop
 endfacet
 facet normal -0.000000e+00 -1.000000e+00  0.000000e+00
   outer loop
     vertex  3.125000e-02 -7.500000e-01  3.125000e-02
     vertex -3.906250e-02 -7.500000e-01  3.125000e-02
     vertex -3.314145e-02 -7.500000e-01  2.532895e-02
   endloop
 endfacet
 facet normal  0.000000e+00 -1.000000e+00  0.000000e+00
   outer loop
     vertex  3.125000e-02 -7.500000e-01  3.125000e-02
     vertex -3.314145e-02 -7.500000e-01  2.532895e-02
     vertex  2.532895e-02 -7.500000e-01  2.532895e-02
   endloop
 endfacet
 facet normal -0.000000e+00  0.000000e+00  1.000000e+00
   outer loop
     vertex -3.906250e-02  4.305399e-18  3.125000e-02
     vertex  3.125000e-02 -7.500000e-01  3.125000e-02
     vertex  3.125000e-02  8.610798e-18  3.125000e-02
   endloop
 endfacet
 facet normal  0.000000e+00  0.000000e+00  1.000000e+00
   outer loop
     vertex -3.906250e-02  4.305399e-18  3.125000e-02
     vertex -3.906250e-02 -7.500000e-01  3.125000e-02
     vertex  3.125000e-02 -7.500000e-01  3.125000e-02
   endloop
 endfacet
 facet normal -1.000000e+00  0.000000e+00  0.000000e+00
   outer loop
     vertex -3.906250e-02  0.000000e+00 -3.906250e-02
     vertex -3.906250e-02  4.305399e-18  3.125000e-02
     vertex -3.906250e-02  7.500000e-01  3.125000e-02
   endloop
 endfacet
 facet normal -1.000000e+00  0.000000e+00  0.000000e+00
   outer loop
     vertex -3.906250e-02  0.000000e+00 -3.906250e-02
     vertex -3.906250e-02  7.500000e-01  3.125000e-02
     vertex -3.906250e-02  7.500000e-01 -3.906250e-02
   endloop
 endfacet
 facet normal  1.000000e+00  0.000000e+00  0.000000e+00
   outer loop
     vertex  3.125000e-02  8.610798e-18  3.125000e-02
     vertex  3.125000e-02  4.305399e-18 -3.906250e-02
     vertex  3.125000e-02  7.500000e-01 -3.906250e-02
   endloop
 endfacet
 facet normal  1.000000e+00 -0.000000e+00  0.000000e+00
   outer loop
     vertex  3.125000e-02  8.610798e-18  3.125000e-02
     vertex  3.125000e-02  7.500000e-01 -3.906250e-02
     vertex  3.125000e-02  7.500000e-01  3.125000e-02
   endloop
 endfacet
 facet normal  0.000000e+00  1.000000e+00  0.000000e+00
   outer loop
     vertex  2.532895e-02  7.500000e-01 -3.314145e-02
     vertex  3.125000e-02  7.500000e-01 -3.906250e-02
     vertex -3.906250e-02  7.500000e-01 -3.906250e-02
   endloop
 endfacet
 facet normal  0.000000e+00  1.000000e+00  0.000000e+00
   outer loop
     vertex  2.532895e-02  7.500000e-01 -3.314145e-02
     vertex -3.906250e-02  7.500000e-01 -3.906250e-02
     vertex -3.314145e-02  7.500000e-01 -3.314145e-02
   endloop
 endfacet
 facet normal  0.000000e+00  1.000000e+00  0.000000e+00
   outer loop
     vertex -3.314145e-02  7.500000e-01  2.532895e-02
     vertex -3.906250e-02  7.500000e-01 -3.906250e-02
     vertex -3.906250e-02  7.500000e-01  3.125000e-02
   endloop
 endfacet
 facet normal  0.000000e+00  1.000000e+00  0.000000e+00
   outer loop
     vertex -3.314145e-02  7.500000e-01  2.532895e-02
     vertex -3.314145e-02  7.500000e-01 -3.314145e-02
     vertex -3.906250e-02  7.500000e-01 -3.906250e-02
   endloop
 endfacet
 facet normal  0.000000e+00  1.000000e+00  0.000000e+00
   outer loop
     vertex  3.125000e-02  7.500000e-01  3.125000e-02
     vertex  2.532895e-02  7.500000e-01 -3.314145e-02
     vertex  2.532895e-02  7.500000e-01  2.532895e-02
   endloop
 endfacet
 facet normal  0.000000e+00  1.000000e+00  0.000000e+00
   outer loop
     vertex  3.125000e-02  7.500000e-01  3.125000e-02
     vertex  3.125000e-02  7.500000e-01 -3.906250e-02
     vertex  2.532895e-02  7.500000e-01 -3.314145e-02
   endloop
 endfacet
 facet normal  0.000000e+00  1.000000e+00  0.000000e+00
   outer loop
     vertex  3.125000e-02  7.500000e-01  3.125000e-02
     vertex -3.314145e-02  7.500000e-01  2.532895e-02
     vertex -3.906250e-02  7.500000e-01  3.125000e-02
   endloop
 endfacet
 facet normal  0.000000e+00  1.000000e+00  0.000000e+00
   outer loop
     vertex  3.125000e-02  7.500000e-01  3.125000e-02
     vertex  2.532895e-02  7.500000e-01  2.532895e-02
     vertex -3.314145e-02  7.500000e-01  2.532895e-02
   endloop
 endfacet
 facet normal  0.000000e+00  0.000000e+00  1.000000e+00
   outer loop
     vertex  2.532895e-02  4.305399e-18 -3.314145e-02
     vertex -3.314145e-02  7.251198e-19 -3.314145e-02
     vertex -3.314145e-02 -7.500000e-01 -3.314145e-02
   endloop
 endfacet
 facet normal  0.000000e+00  0.000000e+00  1.000000e+00
   outer loop
     vertex  2.532895e-02  4.305399e-18 -3.314145e-02
     vertex -3.314145e-02 -7.500000e-01 -3.314145e-02
     vertex  2.532895e-02 -7.500000e-01 -3.314145e-02
   endloop
 endfacet
 facet normal -1.000000e+00  0.000000e+00  0.000000e+00
   outer loop
     vertex  2.532895e-02  7.885678e-18  2.532895e-02
     vertex  2.532895e-02  4.305399e-18 -3.314145e-02
     vertex  2.532895e-02 -7.500000e-01 -3.314145e-02
   endloop
 endfacet
 facet normal -1.000000e+00 -0.000000e+00  0.000000e+00
   outer loop
     vertex  2.532895e-02  7.885678e-18  2.532895e-02
     vertex  2.532895e-02 -7.500000e-01 -3.314145e-02
     vertex  2.532895e-02 -7.500000e-01  2.532895e-02
   endloop
 endfacet
 facet normal  0.000000e+00  0.000000e+00 -1.000000e+00
   outer loop
     vertex -3.314145e-02  4.305399e-18  2.532895e-02
     vertex  2.532895e-02  7.885678e-18  2.532895e-02
     vertex  2.532895e-02 -7.500000e-01  2.532895e-02
   endloop
 endfacet
 facet normal  0.000000e+00  0.000000e+00 -1.000000e+00
   outer loop
     vertex -3.314145e-02  4.305399e-18  2.532895e-02
     vertex  2.532895e-02 -7.500000e-01  2.532895e-02
     vertex -3.314145e-02 -7.500000e-01  2.532895e-02
   endloop
 endfacet
 facet normal  1.000000e+00  0.000000e+00 -0.000000e+00
   outer loop
     vertex -3.314145e-02  7.251198e-19 -3.314145e-02
     vertex -3.314145e-02  4.305399e-18  2.532895e-02
     vertex -3.314145e-02 -7.500000e-01  2.532895e-02
   endloop
 endfacet
 facet normal  1.000000e+00  0.000000e+00  0.000000e+00
   outer loop
     vertex -3.314145e-02  7.251198e-19 -3.314145e-02
     vertex -3.314145e-02 -7.500000e-01  2.532895e-02
     vertex -3.314145e-02 -7.500000e-01 -3.314145e-02
   endloop
 endfacet
 facet normal  0.000000e+00  0.000000e+00  1.000000e+00
   outer loop
     vertex -3.906250e-02  4.305399e-18  3.125000e-02
     vertex  3.125000e-02  8.610798e-18  3.125000e-02
     vertex  3.125000e-02  7.500000e-01  3.125000e-02
   endloop
 endfacet
 facet normal  0.000000e+00  0.000000e+00  1.000000e+00
   outer loop
     vertex -3.906250e-02  4.305399e-18  3.125000e-02
     vertex  3.125000e-02  7.500000e-01  3.125000e-02
     vertex -3.906250e-02  7.500000e-01  3.125000e-02
   endloop
 endfacet
 facet normal  0.000000e+00  0.000000e+00  1.000000e+00
   outer loop
     vertex  2.532895e-02  4.305399e-18 -3.314145e-02
     vertex -3.314145e-02  7.500000e-01 -3.314145e-02
     vertex -3.314145e-02  7.251198e-19 -3.314145e-02
   endloop
 endfacet
 facet normal  0.000000e+00 -0.000000e+00  1.000000e+00
   outer loop
     vertex  2.532895e-02  4.305399e-18 -3.314145e-02
     vertex  2.532895e-02  7.500000e-01 -3.314145e-02
     vertex -3.314145e-02  7.500000e-01 -3.314145e-02
   endloop
 endfacet
 facet normal -1.000000e+00  0.000000e+00 -0.000000e+00
   outer loop
     vertex  2.532895e-02  7.885678e-18  2.532895e-02
     vertex  2.532895e-02  7.500000e-01 -3.314145e-02
     vertex  2.532895e-02  4.305399e-18 -3.314145e-02
   endloop
 endfacet
 facet normal -1.000000e+00  0.000000e+00  0.000000e+00
   outer loop
     vertex  2.532895e-02  7.885678e-18  2.532895e-02
     vertex  2.532895e-02  7.500000e-01  2.532895e-02
     vertex  2.532895e-02  7.500000e-01 -3.314145e-02
   endloop
 endfacet
 facet normal  0.000000e+00  0.000000e+00 -1.000000e+00
   outer loop
     vertex -3.314145e-02  4.305399e-18  2.532895e-02
     vertex  2.532895e-02  7.500000e-01  2.532895e-02
     vertex  2.532895e-02  7.885678e-18  2.532895e-02
   endloop
 endfacet
 facet normal  0.000000e+00  0.000000e+00 -1.000000e+00
   outer loop
     vertex -3.314145e-02  4.305399e-18  2.532895e-02
     vertex -3.314145e-02  7.500000e-01  2.532895e-02
     vertex  2.532895e-02  7.500000e-01  2.532895e-02
   endloop
 endfacet
 facet normal  1.000000e+00  0.000000e+00  0.000000e+00
   outer loop
     vertex -3.314145e-02  7.251198e-19 -3.314145e-02
     vertex -3.314145e-02  7.500000e-01  2.532895e-02
     vertex -3.314145e-02  4.305399e-18  2.532895e-02
   endloop
 endfacet
 facet normal  1.000000e+00  0.000000e+00  0.000000e+00
   outer loop
     vertex -3.314145e-02  7.251198e-19 -3.314145e-02
     vertex -3.314145e-02  7.500000e-01 -3.314145e-02
     vertex -3.314145e-02  7.500000e-01  2.532895e-02
   endloop
 endfacet
endsolid
