solid 
 facet normal  0.000000e+00 -0.000000e+00 -1.000000e+00
   outer loop
     vertex -3.618421e-03 -8.231908e-02 -5.468750e-02
     vertex  6.250000e-02 -7.500000e-01 -5.468750e-02
     vertex -5.468750e-02 -7.500000e-01 -5.468750e-02
   endloop
 endfacet
 facet normal  0.000000e+00 -0.000000e+00 -1.000000e+00
   outer loop
     vertex -3.125000e-02 -5.468750e-02 -5.468750e-02
     vertex -3.618421e-03 -8.231908e-02 -5.468750e-02
     vertex -5.468750e-02 -7.500000e-01 -5.468750e-02
   endloop
 endfacet
 facet normal  0.000000e+00 -0.000000e+00 -1.000000e+00
   outer loop
     vertex  2.401316e-02 -5.468750e-02 -5.468750e-02
     vertex  6.250000e-02 -7.500000e-01 -5.468750e-02
     vertex -3.618421e-03 -8.231908e-02 -5.468750e-02
   endloop
 endfacet
 facet normal -0.000000e+00  0.000000e+00 -1.000000e+00
   outer loop
     vertex -3.618421e-03 -2.705592e-02 -5.468750e-02
     vertex -3.125000e-02 -5.468750e-02 -5.468750e-02
     vertex -5.468750e-02  0.000000e+00 -5.468750e-02
   endloop
 endfacet
 facet normal  0.000000e+00  0.000000e+00 -1.000000e+00
   outer loop
     vertex  6.250000e-02  7.175665e-18 -5.468750e-02
     vertex  2.401316e-02 -5.468750e-02 -5.468750e-02
     vertex -3.618421e-03 -2.705592e-02 -5.468750e-02
   endloop
 endfacet
 facet normal  0.000000e+00  0.000000e+00 -1.000000e+00
   outer loop
     vertex  6.250000e-02  7.175665e-18 -5.468750e-02
     vertex -3.618421e-03 -2.705592e-02 -5.468750e-02
     vertex -5.468750e-02  0.000000e+00 -5.468750e-02
   endloop
 endfacet
 facet normal  0.000000e+00 -0.000000e+00 -1.000000e+00
   outer loop
     vertex  6.250000e-02  7.175665e-18 -5.468750e-02
     vertex  6.250000e-02 -7.500000e-01 -5.468750e-02
     vertex  2.401316e-02 -5.468750e-02 -5.468750e-02
   endloop
 endfacet
 facet normal  0.000000e+00  0.000000e+00 -1.000000e+00
   outer loop
     vertex -5.468750e-02  0.000000e+00 -5.468750e-02
     vertex -3.125000e-02 -5.468750e-02 -5.468750e-02
     vertex -5.468750e-02 -7.500000e-01 -5.468750e-02
   endloop
 endfacet
 facet normal -1.000000e+00  0.000000e+00  0.000000e+00
   outer loop
     vertex -5.468750e-02  0.000000e+00 -5.468750e-02
     vertex -5.468750e-02 -7.500000e-01  6.250000e-02
     vertex -5.468750e-02  7.175665e-18  6.250000e-02
   endloop
 endfacet
 facet normal -1.000000e+00  0.000000e+00  0.000000e+00
   outer loop
     vertex -5.468750e-02  0.000000e+00 -5.468750e-02
     vertex -5.468750e-02 -7.500000e-01 -5.468750e-02
     vertex -5.468750e-02 -7.500000e-01  6.250000e-02
   endloop
 endfacet
 facet normal -6.123234e-17  1.000000e+00 -6.123234e-17
   outer loop
     vertex  6.250000e-02  7.175665e-18 -5.468750e-02
     vertex -3.988487e-02  1.812800e-18 -3.988487e-02
     vertex  4.769737e-02  7.175665e-18 -3.988487e-02
   endloop
 endfacet
 facet normal -6.123234e-17  1.000000e+00 -6.123234e-17
   outer loop
     vertex  6.250000e-02  7.175665e-18 -5.468750e-02
     vertex -5.468750e-02  0.000000e+00 -5.468750e-02
     vertex -3.988487e-02  1.812800e-18 -3.988487e-02
   endloop
 endfacet
 facet normal -6.123234e-17  1.000000e+00 -6.123234e-17
   outer loop
     vertex -5.468750e-02  7.175665e-18  6.250000e-02
     vertex -3.988487e-02  7.175665e-18  4.769737e-02
     vertex -3.988487e-02  1.812800e-18 -3.988487e-02
   endloop
 endfacet
 facet normal -6.123234e-17  1.000000e+00 -6.123234e-17
   outer loop
     vertex -5.468750e-02  7.175665e-18  6.250000e-02
     vertex -3.988487e-02  1.812800e-18 -3.988487e-02
     vertex -5.468750e-02  0.000000e+00 -5.468750e-02
   endloop
 endfacet
 facet normal -6.123234e-17  1.000000e+00 -6.123234e-17
   outer loop
     vertex  6.250000e-02  1.435133e-17  6.250000e-02
     vertex  4.769737e-02  1.253853e-17  4.769737e-02
     vertex -3.988487e-02  7.175665e-18  4.769737e-02
   endloop
 endfacet
 facet normal -6.123234e-17  1.000000e+00 -6.123234e-17
   outer loop
     vertex  6.250000e-02  1.435133e-17  6.250000e-02
     vertex  4.769737e-02  7.175665e-18 -3.988487e-02
     vertex  4.769737e-02  1.253853e-17  4.769737e-02
   endloop
 endfacet
 facet normal -6.123234e-17  1.000000e+00 -6.123234e-17
   outer loop
     vertex  6.250000e-02  1.435133e-17  6.250000e-02
     vertex  6.250000e-02  7.175665e-18 -5.468750e-02
     vertex  4.769737e-02  7.175665e-18 -3.988487e-02
   endloop
 endfacet
 facet normal -6.123234e-17  1.000000e+00 -6.123234e-17
   outer loop
     vertex  6.250000e-02  1.435133e-17  6.250000e-02
     vertex -3.988487e-02  7.175665e-18  4.769737e-02
     vertex -5.468750e-02  7.175665e-18  6.250000e-02
   endloop
 endfacet
 facet normal  0.000000e+00 -1.000000e+00  0.000000e+00
   outer loop
     vertex  6.250000e-02 -7.500000e-01 -5.468750e-02
     vertex  4.769737e-02 -7.500000e-01 -3.988487e-02
     vertex -3.988487e-02 -7.500000e-01 -3.988487e-02
   endloop
 endfacet
 facet normal  0.000000e+00 -1.000000e+00  0.000000e+00
   outer loop
     vertex  6.250000e-02 -7.500000e-01 -5.468750e-02
     vertex -3.988487e-02 -7.500000e-01 -3.988487e-02
     vertex -5.468750e-02 -7.500000e-01 -5.468750e-02
   endloop
 endfacet
 facet normal  0.000000e+00 -1.000000e+00  0.000000e+00
   outer loop
     vertex -5.468750e-02 -7.500000e-01  6.250000e-02
     vertex -3.988487e-02 -7.500000e-01 -3.988487e-02
     vertex -3.988487e-02 -7.500000e-01  4.769737e-02
   endloop
 endfacet
 facet normal  0.000000e+00 -1.000000e+00  0.000000e+00
   outer loop
     vertex -5.468750e-02 -7.500000e-01  6.250000e-02
     vertex -5.468750e-02 -7.500000e-01 -5.468750e-02
     vertex -3.988487e-02 -7.500000e-01 -3.988487e-02
   endloop
 endfacet
 facet normal  0.000000e+00 -1.000000e+00  0.000000e+00
   outer loop
     vertex  6.250000e-02 -7.500000e-01  6.250000e-02
     vertex -3.988487e-02 -7.500000e-01  4.769737e-02
     vertex  4.769737e-02 -7.500000e-01  4.769737e-02
   endloop
 endfacet
 facet normal  0.000000e+00 -1.000000e+00  0.000000e+00
   outer loop
     vertex  6.250000e-02 -7.500000e-01  6.250000e-02
     vertex  4.769737e-02 -7.500000e-01  4.769737e-02
     vertex  4.769737e-02 -7.500000e-01 -3.988487e-02
   endloop
 endfacet
 facet normal  0.000000e+00 -1.000000e+00 -0.000000e+00
   outer loop
     vertex  6.250000e-02 -7.500000e-01  6.250000e-02
     vertex  4.769737e-02 -7.500000e-01 -3.988487e-02
     vertex  6.250000e-02 -7.500000e-01 -5.468750e-02
   endloop
 endfacet
 facet normal -0.000000e+00 -1.000000e+00  0.000000e+00
   outer loop
     vertex  6.250000e-02 -7.500000e-01  6.250000e-02
     vertex -5.468750e-02 -7.500000e-01  6.250000e-02
     vertex -3.988487e-02 -7.500000e-01  4.769737e-02
   endloop
 endfacet
 facet normal  1.000000e+00  0.000000e+00  0.000000e+00
   outer loop
     vertex  6.250000e-02  1.435133e-17  6.250000e-02
     vertex  6.250000e-02 -7.500000e-01 -5.468750e-02
     vertex  6.250000e-02  7.175665e-18 -5.468750e-02
   endloop
 endfacet
 facet normal  1.000000e+00  0.000000e+00  0.000000e+00
   outer loop
     vertex  6.250000e-02  1.435133e-17  6.250000e-02
     vertex  6.250000e-02 -7.500000e-01  6.250000e-02
     vertex  6.250000e-02 -7.500000e-01 -5.468750e-02
   endloop
 endfacet
 facet normal -7.071068e-01 -7.071068e-01 -0.000000e+00
   outer loop
     vertex  2.401316e-02 -5.468750e-02 -3.988487e-02
     vertex -3.618421e-03 -2.705592e-02 -5.468750e-02
     vertex  2.401316e-02 -5.468750e-02 -5.468750e-02
   endloop
 endfacet
 facet normal -7.071068e-01 -7.071068e-01 -0.000000e+00
   outer loop
     vertex -3.618421e-03 -2.705592e-02 -3.988487e-02
     vertex -3.618421e-03 -2.705592e-02 -5.468750e-02
     vertex  2.401316e-02 -5.468750e-02 -3.988487e-02
   endloop
 endfacet
 facet normal  7.071068e-01 -7.071068e-01  0.000000e+00
   outer loop
     vertex -3.125000e-02 -5.468750e-02 -3.988487e-02
     vertex -3.125000e-02 -5.468750e-02 -5.468750e-02
     vertex -3.618421e-03 -2.705592e-02 -5.468750e-02
   endloop
 endfacet
 facet normal  7.071068e-01 -7.071068e-01  0.000000e+00
   outer loop
     vertex -3.125000e-02 -5.468750e-02 -3.988487e-02
     vertex -3.618421e-03 -2.705592e-02 -5.468750e-02
     vertex -3.618421e-03 -2.705592e-02 -3.988487e-02
   endloop
 endfacet
 facet normal  7.071068e-01  7.071068e-01  0.000000e+00
   outer loop
     vertex -3.618421e-03 -8.231908e-02 -3.988487e-02
     vertex -3.618421e-03 -8.231908e-02 -5.468750e-02
     vertex -3.125000e-02 -5.468750e-02 -5.468750e-02
   endloop
 endfacet
 facet normal  7.071068e-01  7.071068e-01  0.000000e+00
   outer loop
     vertex -3.618421e-03 -8.231908e-02 -3.988487e-02
     vertex -3.125000e-02 -5.468750e-02 -5.468750e-02
     vertex -3.125000e-02 -5.468750e-02 -3.988487e-02
   endloop
 endfacet
 facet normal -7.071068e-01  7.071068e-01  0.000000e+00
   outer loop
     vertex  2.401316e-02 -5.468750e-02 -3.988487e-02
     vertex  2.401316e-02 -5.468750e-02 -5.468750e-02
     vertex -3.618421e-03 -8.231908e-02 -5.468750e-02
   endloop
 endfacet
 facet normal -7.071068e-01  7.071068e-01  0.000000e+00
   outer loop
     vertex  2.401316e-02 -5.468750e-02 -3.988487e-02
     vertex -3.618421e-03 -8.231908e-02 -5.468750e-02
     vertex -3.618421e-03 -8.231908e-02 -3.988487e-02
   endloop
 endfacet
 facet normal -0.000000e+00  0.000000e+00  1.000000e+00
   outer loop
     vertex -5.468750e-02  7.175665e-18  6.250000e-02
     vertex  6.250000e-02 -7.500000e-01  6.250000e-02
     vertex  6.250000e-02  1.435133e-17  6.250000e-02
   endloop
 endfacet
 facet normal  0.000000e+00  0.000000e+00  1.000000e+00
   outer loop
     vertex -5.468750e-02  7.175665e-18  6.250000e-02
     vertex -5.468750e-02 -7.500000e-01  6.250000e-02
     vertex  6.250000e-02 -7.500000e-01  6.250000e-02
   endloop
 endfacet
 facet normal  0.000000e+00  0.000000e+00  1.000000e+00
   outer loop
     vertex -3.618421e-03 -8.231908e-02 -3.988487e-02
     vertex -3.988487e-02 -7.500000e-01 -3.988487e-02
     vertex  4.769737e-02 -7.500000e-01 -3.988487e-02
   endloop
 endfacet
 facet normal  0.000000e+00  0.000000e+00  1.000000e+00
   outer loop
     vertex -3.125000e-02 -5.468750e-02 -3.988487e-02
     vertex -3.988487e-02 -7.500000e-01 -3.988487e-02
     vertex -3.618421e-03 -8.231908e-02 -3.988487e-02
   endloop
 endfacet
 facet normal  0.000000e+00  0.000000e+00  1.000000e+00
   outer loop
     vertex  2.401316e-02 -5.468750e-02 -3.988487e-02
     vertex -3.618421e-03 -8.231908e-02 -3.988487e-02
     vertex  4.769737e-02 -7.500000e-01 -3.988487e-02
   endloop
 endfacet
 facet normal  0.000000e+00  0.000000e+00  1.000000e+00
   outer loop
     vertex -3.618421e-03 -2.705592e-02 -3.988487e-02
     vertex -3.988487e-02  1.812800e-18 -3.988487e-02
     vertex -3.125000e-02 -5.468750e-02 -3.988487e-02
   endloop
 endfacet
 facet normal  0.000000e+00  0.000000e+00  1.000000e+00
   outer loop
     vertex  4.769737e-02  7.175665e-18 -3.988487e-02
     vertex -3.618421e-03 -2.705592e-02 -3.988487e-02
     vertex  2.401316e-02 -5.468750e-02 -3.988487e-02
   endloop
 endfacet
 facet normal  0.000000e+00  0.000000e+00  1.000000e+00
   outer loop
     vertex  4.769737e-02  7.175665e-18 -3.988487e-02
     vertex -3.988487e-02  1.812800e-18 -3.988487e-02
     vertex -3.618421e-03 -2.705592e-02 -3.988487e-02
   endloop
 endfacet
 facet normal  0.000000e+00  0.000000e+00  1.000000e+00
   outer loop
     vertex -3.988487e-02  1.812800e-18 -3.988487e-02
     vertex -3.988487e-02 -7.500000e-01 -3.988487e-02
     vertex -3.125000e-02 -5.468750e-02 -3.988487e-02
   endloop
 endfacet
 facet normal  0.000000e+00 -0.000000e+00  1.000000e+00
   outer loop
     vertex  4.769737e-02 -7.500000e-01 -3.988487e-02
     vertex  4.769737e-02  7.175665e-18 -3.988487e-02
     vertex  2.401316e-02 -5.468750e-02 -3.988487e-02
   endloop
 endfacet
 facet normal -1.000000e+00  0.000000e+00  0.000000e+00
   outer loop
     vertex  4.769737e-02  1.253853e-17  4.769737e-02
     vertex  4.769737e-02  7.175665e-18 -3.988487e-02
     vertex  4.769737e-02 -7.500000e-01 -3.988487e-02
   endloop
 endfacet
 facet normal -1.000000e+00 -0.000000e+00  0.000000e+00
   outer loop
     vertex  4.769737e-02  1.253853e-17  4.769737e-02
     vertex  4.769737e-02 -7.500000e-01 -3.988487e-02
     vertex  4.769737e-02 -7.500000e-01  4.769737e-02
   endloop
 endfacet
 facet normal  0.000000e+00 -0.000000e+00 -1.000000e+00
   outer loop
     vertex -3.618421e-03 -8.231908e-02  4.769737e-02
     vertex  4.769737e-02 -7.500000e-01  4.769737e-02
     vertex -3.988487e-02 -7.500000e-01  4.769737e-02
   endloop
 endfacet
 facet normal  0.000000e+00 -0.000000e+00 -1.000000e+00
   outer loop
     vertex  2.401316e-02 -5.468750e-02  4.769737e-02
     vertex  4.769737e-02 -7.500000e-01  4.769737e-02
     vertex -3.618421e-03 -8.231908e-02  4.769737e-02
   endloop
 endfacet
 facet normal  0.000000e+00  0.000000e+00 -1.000000e+00
   outer loop
     vertex -3.618421e-03 -2.705592e-02  4.769737e-02
     vertex  4.769737e-02  1.253853e-17  4.769737e-02
     vertex  2.401316e-02 -5.468750e-02  4.769737e-02
   endloop
 endfacet
 facet normal  0.000000e+00 -0.000000e+00 -1.000000e+00
   outer loop
     vertex -3.125000e-02 -5.468750e-02  4.769737e-02
     vertex -3.618421e-03 -8.231908e-02  4.769737e-02
     vertex -3.988487e-02 -7.500000e-01  4.769737e-02
   endloop
 endfacet
 facet normal  0.000000e+00  0.000000e+00 -1.000000e+00
   outer loop
     vertex -3.988487e-02  7.175665e-18  4.769737e-02
     vertex -3.618421e-03 -2.705592e-02  4.769737e-02
     vertex -3.125000e-02 -5.468750e-02  4.769737e-02
   endloop
 endfacet
 facet normal  0.000000e+00  0.000000e+00 -1.000000e+00
   outer loop
     vertex -3.988487e-02  7.175665e-18  4.769737e-02
     vertex  4.769737e-02  1.253853e-17  4.769737e-02
     vertex -3.618421e-03 -2.705592e-02  4.769737e-02
   endloop
 endfacet
 facet normal  0.000000e+00 -0.000000e+00 -1.000000e+00
   outer loop
     vertex  4.769737e-02  1.253853e-17  4.769737e-02
     vertex  4.769737e-02 -7.500000e-01  4.769737e-02
     vertex  2.401316e-02 -5.468750e-02  4.769737e-02
   endloop
 endfacet
 facet normal  0.000000e+00  0.000000e+00 -1.000000e+00
   outer loop
     vertex -3.988487e-02 -7.500000e-01  4.769737e-02
     vertex -3.988487e-02  7.175665e-18  4.769737e-02
     vertex -3.125000e-02 -5.468750e-02  4.769737e-02
   endloop
 endfacet
 facet normal  1.000000e+00  0.000000e+00 -0.000000e+00
   outer loop
     vertex -3.988487e-02  1.812800e-18 -3.988487e-02
     vertex -3.988487e-02  7.175665e-18  4.769737e-02
     vertex -3.988487e-02 -7.500000e-01  4.769737e-02
   endloop
 endfacet
 facet normal  1.000000e+00  0.000000e+00  0.000000e+00
   outer loop
     vertex -3.988487e-02  1.812800e-18 -3.988487e-02
     vertex -3.988487e-02 -7.500000e-01  4.769737e-02
     vertex -3.988487e-02 -7.500000e-01 -3.988487e-02
   endloop
 endfacet
 facet normal -7.071068e-01 -7.071068e-01  0.000000e+00
   outer loop
     vertex -3.618421e-03 -2.705592e-02  4.769737e-02
     vertex  2.401316e-02 -5.468750e-02  4.769737e-02
     vertex  2.401316e-02 -5.468750e-02  5.468750e-02
   endloop
 endfacet
 facet normal -7.071068e-01 -7.071068e-01 -0.000000e+00
   outer loop
     vertex -3.618421e-03 -2.705592e-02  5.468750e-02
     vertex -3.618421e-03 -2.705592e-02  4.769737e-02
     vertex  2.401316e-02 -5.468750e-02  5.468750e-02
   endloop
 endfacet
 facet normal  7.071068e-01 -7.071068e-01  0.000000e+00
   outer loop
     vertex -3.125000e-02 -5.468750e-02  5.468750e-02
     vertex -3.125000e-02 -5.468750e-02  4.769737e-02
     vertex -3.618421e-03 -2.705592e-02  4.769737e-02
   endloop
 endfacet
 facet normal  7.071068e-01 -7.071068e-01  0.000000e+00
   outer loop
     vertex -3.125000e-02 -5.468750e-02  5.468750e-02
     vertex -3.618421e-03 -2.705592e-02  4.769737e-02
     vertex -3.618421e-03 -2.705592e-02  5.468750e-02
   endloop
 endfacet
 facet normal  7.071068e-01  7.071068e-01  0.000000e+00
   outer loop
     vertex -3.618421e-03 -8.231908e-02  5.468750e-02
     vertex -3.618421e-03 -8.231908e-02  4.769737e-02
     vertex -3.125000e-02 -5.468750e-02  4.769737e-02
   endloop
 endfacet
 facet normal  7.071068e-01  7.071068e-01  0.000000e+00
   outer loop
     vertex -3.618421e-03 -8.231908e-02  5.468750e-02
     vertex -3.125000e-02 -5.468750e-02  4.769737e-02
     vertex -3.125000e-02 -5.468750e-02  5.468750e-02
   endloop
 endfacet
 facet normal -7.071068e-01  7.071068e-01  0.000000e+00
   outer loop
     vertex  2.401316e-02 -5.468750e-02  5.468750e-02
     vertex  2.401316e-02 -5.468750e-02  4.769737e-02
     vertex -3.618421e-03 -8.231908e-02  4.769737e-02
   endloop
 endfacet
 facet normal -7.071068e-01  7.071068e-01  0.000000e+00
   outer loop
     vertex  2.401316e-02 -5.468750e-02  5.468750e-02
     vertex -3.618421e-03 -8.231908e-02  4.769737e-02
     vertex -3.618421e-03 -8.231908e-02  5.468750e-02
   endloop
 endfacet
 facet normal  0.000000e+00  0.000000e+00 -1.000000e+00
   outer loop
     vertex -3.618421e-03 -2.705592e-02  5.468750e-02
     vertex -3.618421e-03 -8.231908e-02  5.468750e-02
     vertex -3.125000e-02 -5.468750e-02  5.468750e-02
   endloop
 endfacet
 facet normal  0.000000e+00 -0.000000e+00 -1.000000e+00
   outer loop
     vertex -3.618421e-03 -2.705592e-02  5.468750e-02
     vertex  2.401316e-02 -5.468750e-02  5.468750e-02
     vertex -3.618421e-03 -8.231908e-02  5.468750e-02
   endloop
 endfacet
endsolid
