solid 
 facet normal  0.000000e+00 -1.000000e+00  0.000000e+00
   outer loop
     vertex  3.750000e-01 -3.750000e-01  0.000000e+00
     vertex -3.750000e-01 -3.750000e-01  7.500000e-01
     vertex -3.750000e-01 -3.750000e-01  0.000000e+00
   endloop
 endfacet
 facet normal  0.000000e+00 -1.000000e+00  0.000000e+00
   outer loop
     vertex  3.750000e-01 -3.750000e-01  0.000000e+00
     vertex  3.750000e-01 -3.750000e-01  7.500000e-01
     vertex -3.750000e-01 -3.750000e-01  7.500000e-01
   endloop
 endfacet
 facet normal  1.000000e+00  0.000000e+00  0.000000e+00
   outer loop
     vertex  3.750000e-01  3.750000e-01  0.000000e+00
     vertex  3.750000e-01 -3.750000e-01  7.500000e-01
     vertex  3.750000e-01 -3.750000e-01  0.000000e+00
   endloop
 endfacet
 facet normal  1.000000e+00  0.000000e+00 -0.000000e+00
   outer loop
     vertex  3.750000e-01  3.750000e-01  0.000000e+00
     vertex  3.750000e-01  3.750000e-01  7.500000e-01
     vertex  3.750000e-01 -3.750000e-01  7.500000e-01
   endloop
 endfacet
 facet normal  0.000000e+00  1.000000e+00  0.000000e+00
   outer loop
     vertex -3.750000e-01  3.750000e-01  0.000000e+00
     vertex  3.750000e-01  3.750000e-01  7.500000e-01
     vertex  3.750000e-01  3.750000e-01  0.000000e+00
   endloop
 endfacet
 facet normal  0.000000e+00  1.000000e+00  0.000000e+00
   outer loop
     vertex -3.750000e-01  3.750000e-01  0.000000e+00
     vertex -3.750000e-01  3.750000e-01  7.500000e-01
     vertex  3.750000e-01  3.750000e-01  7.500000e-01
   endloop
 endfacet
 facet normal -1.000000e+00  0.000000e+00  0.000000e+00
   outer loop
     vertex -3.750000e-01 -3.750000e-01  0.000000e+00
     vertex -3.750000e-01  3.750000e-01  7.500000e-01
     vertex -3.750000e-01  3.750000e-01  0.000000e+00
   endloop
 endfacet
 facet normal -1.000000e+00  0.000000e+00  0.000000e+00
   outer loop
     vertex -3.750000e-01 -3.750000e-01  0.000000e+00
     vertex -3.750000e-01 -3.750000e-01  7.500000e-01
     vertex -3.750000e-01  3.750000e-01  7.500000e-01
   endloop
 endfacet
 facet normal -9.807853e-01  1.950903e-01  0.000000e+00
   outer loop
     vertex  2.081734e-01 -8.064581e-02  0.000000e+00
     vertex  2.250000e-01  3.947368e-03  7.500000e-01
     vertex  2.250000e-01  3.947368e-03  0.000000e+00
   endloop
 endfacet
 facet normal -9.807853e-01  1.950903e-01  0.000000e+00
   outer loop
     vertex  2.081734e-01 -8.064581e-02  0.000000e+00
     vertex  2.081734e-01 -8.064581e-02  7.500000e-01
     vertex  2.250000e-01  3.947368e-03  7.500000e-01
   endloop
 endfacet
 facet normal -8.314696e-01  5.555702e-01  0.000000e+00
   outer loop
     vertex  1.602552e-01 -1.523604e-01  0.000000e+00
     vertex  1.602552e-01 -1.523604e-01  7.500000e-01
     vertex  2.081734e-01 -8.064581e-02  7.500000e-01
   endloop
 endfacet
 facet normal -8.314696e-01  5.555702e-01  0.000000e+00
   outer loop
     vertex  1.602552e-01 -1.523604e-01  0.000000e+00
     vertex  2.081734e-01 -8.064581e-02  7.500000e-01
     vertex  2.081734e-01 -8.064581e-02  0.000000e+00
   endloop
 endfacet
 facet normal -5.555702e-01  8.314696e-01  0.000000e+00
   outer loop
     vertex  8.854055e-02 -2.002786e-01  0.000000e+00
     vertex  8.854055e-02 -2.002786e-01  7.500000e-01
     vertex  1.602552e-01 -1.523604e-01  7.500000e-01
   endloop
 endfacet
 facet normal -5.555702e-01  8.314696e-01  0.000000e+00
   outer loop
     vertex  8.854055e-02 -2.002786e-01  0.000000e+00
     vertex  1.602552e-01 -1.523604e-01  7.500000e-01
     vertex  1.602552e-01 -1.523604e-01  0.000000e+00
   endloop
 endfacet
 facet normal -1.950903e-01  9.807853e-01  0.000000e+00
   outer loop
     vertex  3.947368e-03 -2.171053e-01  0.000000e+00
     vertex  3.947368e-03 -2.171053e-01  7.500000e-01
     vertex  8.854055e-02 -2.002786e-01  7.500000e-01
   endloop
 endfacet
 facet normal -1.950903e-01  9.807853e-01  0.000000e+00
   outer loop
     vertex  3.947368e-03 -2.171053e-01  0.000000e+00
     vertex  8.854055e-02 -2.002786e-01  7.500000e-01
     vertex  8.854055e-02 -2.002786e-01  0.000000e+00
   endloop
 endfacet
 facet normal  1.950903e-01  9.807853e-01 -0.000000e+00
   outer loop
     vertex -8.064581e-02 -2.002786e-01  0.000000e+00
     vertex -8.064581e-02 -2.002786e-01  7.500000e-01
     vertex  3.947368e-03 -2.171053e-01  7.500000e-01
   endloop
 endfacet
 facet normal  1.950903e-01  9.807853e-01  0.000000e+00
   outer loop
     vertex -8.064581e-02 -2.002786e-01  0.000000e+00
     vertex  3.947368e-03 -2.171053e-01  7.500000e-01
     vertex  3.947368e-03 -2.171053e-01  0.000000e+00
   endloop
 endfacet
 facet normal  5.555702e-01  8.314696e-01 -0.000000e+00
   outer loop
     vertex -1.523604e-01 -1.523604e-01  0.000000e+00
     vertex -1.523604e-01 -1.523604e-01  7.500000e-01
     vertex -8.064581e-02 -2.002786e-01  7.500000e-01
   endloop
 endfacet
 facet normal  5.555702e-01  8.314696e-01  0.000000e+00
   outer loop
     vertex -1.523604e-01 -1.523604e-01  0.000000e+00
     vertex -8.064581e-02 -2.002786e-01  7.500000e-01
     vertex -8.064581e-02 -2.002786e-01  0.000000e+00
   endloop
 endfacet
 facet normal  8.314696e-01  5.555702e-01 -0.000000e+00
   outer loop
     vertex -2.002786e-01 -8.064581e-02  0.000000e+00
     vertex -2.002786e-01 -8.064581e-02  7.500000e-01
     vertex -1.523604e-01 -1.523604e-01  7.500000e-01
   endloop
 endfacet
 facet normal  8.314696e-01  5.555702e-01  0.000000e+00
   outer loop
     vertex -2.002786e-01 -8.064581e-02  0.000000e+00
     vertex -1.523604e-01 -1.523604e-01  7.500000e-01
     vertex -1.523604e-01 -1.523604e-01  0.000000e+00
   endloop
 endfacet
 facet normal  9.807853e-01  1.950903e-01 -0.000000e+00
   outer loop
     vertex -2.171053e-01  3.947368e-03  0.000000e+00
     vertex -2.171053e-01  3.947368e-03  7.500000e-01
     vertex -2.002786e-01 -8.064581e-02  7.500000e-01
   endloop
 endfacet
 facet normal  9.807853e-01  1.950903e-01  0.000000e+00
   outer loop
     vertex -2.171053e-01  3.947368e-03  0.000000e+00
     vertex -2.002786e-01 -8.064581e-02  7.500000e-01
     vertex -2.002786e-01 -8.064581e-02  0.000000e+00
   endloop
 endfacet
 facet normal  8.314696e-01 -5.555702e-01  0.000000e+00
   outer loop
     vertex -2.002786e-01  8.854055e-02  0.000000e+00
     vertex -1.523604e-01  1.602552e-01  7.500000e-01
     vertex -2.002786e-01  8.854055e-02  7.500000e-01
   endloop
 endfacet
 facet normal  9.807853e-01 -1.950903e-01  0.000000e+00
   outer loop
     vertex -2.002786e-01  8.854055e-02  0.000000e+00
     vertex -2.002786e-01  8.854055e-02  7.500000e-01
     vertex -2.171053e-01  3.947368e-03  7.500000e-01
   endloop
 endfacet
 facet normal  9.807853e-01 -1.950903e-01  0.000000e+00
   outer loop
     vertex -2.002786e-01  8.854055e-02  0.000000e+00
     vertex -2.171053e-01  3.947368e-03  7.500000e-01
     vertex -2.171053e-01  3.947368e-03  0.000000e+00
   endloop
 endfacet
 facet normal  8.314696e-01 -5.555702e-01  0.000000e+00
   outer loop
     vertex -1.523604e-01  1.602552e-01  0.000000e+00
     vertex -1.523604e-01  1.602552e-01  7.500000e-01
     vertex -2.002786e-01  8.854055e-02  0.000000e+00
   endloop
 endfacet
 facet normal  5.555702e-01 -8.314696e-01  0.000000e+00
   outer loop
     vertex -8.064581e-02  2.081734e-01  0.000000e+00
     vertex -8.064581e-02  2.081734e-01  7.500000e-01
     vertex -1.523604e-01  1.602552e-01  7.500000e-01
   endloop
 endfacet
 facet normal  5.555702e-01 -8.314696e-01  0.000000e+00
   outer loop
     vertex -8.064581e-02  2.081734e-01  0.000000e+00
     vertex -1.523604e-01  1.602552e-01  7.500000e-01
     vertex -1.523604e-01  1.602552e-01  0.000000e+00
   endloop
 endfacet
 facet normal  1.950903e-01 -9.807853e-01  0.000000e+00
   outer loop
     vertex  3.947368e-03  2.250000e-01  0.000000e+00
     vertex  3.947368e-03  2.250000e-01  7.500000e-01
     vertex -8.064581e-02  2.081734e-01  7.500000e-01
   endloop
 endfacet
 facet normal  1.950903e-01 -9.807853e-01  0.000000e+00
   outer loop
     vertex  3.947368e-03  2.250000e-01  0.000000e+00
     vertex -8.064581e-02  2.081734e-01  7.500000e-01
     vertex -8.064581e-02  2.081734e-01  0.000000e+00
   endloop
 endfacet
 facet normal -1.950903e-01 -9.807853e-01  0.000000e+00
   outer loop
     vertex  8.854055e-02  2.081734e-01  0.000000e+00
     vertex  8.854055e-02  2.081734e-01  7.500000e-01
     vertex  3.947368e-03  2.250000e-01  7.500000e-01
   endloop
 endfacet
 facet normal -1.950903e-01 -9.807853e-01  0.000000e+00
   outer loop
     vertex  8.854055e-02  2.081734e-01  0.000000e+00
     vertex  3.947368e-03  2.250000e-01  7.500000e-01
     vertex  3.947368e-03  2.250000e-01  0.000000e+00
   endloop
 endfacet
 facet normal -5.555702e-01 -8.314696e-01  0.000000e+00
   outer loop
     vertex  1.602552e-01  1.602552e-01  0.000000e+00
     vertex  1.602552e-01  1.602552e-01  7.500000e-01
     vertex  8.854055e-02  2.081734e-01  7.500000e-01
   endloop
 endfacet
 facet normal -5.555702e-01 -8.314696e-01  0.000000e+00
   outer loop
     vertex  1.602552e-01  1.602552e-01  0.000000e+00
     vertex  8.854055e-02  2.081734e-01  7.500000e-01
     vertex  8.854055e-02  2.081734e-01  0.000000e+00
   endloop
 endfacet
 facet normal -8.314696e-01 -5.555702e-01  0.000000e+00
   outer loop
     vertex  2.081734e-01  8.854055e-02  0.000000e+00
     vertex  2.081734e-01  8.854055e-02  7.500000e-01
     vertex  1.602552e-01  1.602552e-01  7.500000e-01
   endloop
 endfacet
 facet normal -8.314696e-01 -5.555702e-01  0.000000e+00
   outer loop
     vertex  2.081734e-01  8.854055e-02  0.000000e+00
     vertex  1.602552e-01  1.602552e-01  7.500000e-01
     vertex  1.602552e-01  1.602552e-01  0.000000e+00
   endloop
 endfacet
 facet normal -9.807853e-01 -1.950903e-01  0.000000e+00
   outer loop
     vertex  2.250000e-01  3.947368e-03  0.000000e+00
     vertex  2.081734e-01  8.854055e-02  7.500000e-01
     vertex  2.081734e-01  8.854055e-02  0.000000e+00
   endloop
 endfacet
 facet normal -9.807853e-01 -1.950903e-01  0.000000e+00
   outer loop
     vertex  2.250000e-01  3.947368e-03  0.000000e+00
     vertex  2.250000e-01  3.947368e-03  7.500000e-01
     vertex  2.081734e-01  8.854055e-02  7.500000e-01
   endloop
 endfacet
 facet normal -0.000000e+00  0.000000e+00 -1.000000e+00
   outer loop
     vertex -8.064581e-02 -2.002786e-01  0.000000e+00
     vertex -3.750000e-01 -3.750000e-01  0.000000e+00
     vertex -1.523604e-01 -1.523604e-01  0.000000e+00
   endloop
 endfacet
 facet normal  0.000000e+00 -0.000000e+00 -1.000000e+00
   outer loop
     vertex -2.002786e-01 -8.064581e-02  0.000000e+00
     vertex -1.523604e-01 -1.523604e-01  0.000000e+00
     vertex -3.750000e-01 -3.750000e-01  0.000000e+00
   endloop
 endfacet
 facet normal -0.000000e+00  0.000000e+00 -1.000000e+00
   outer loop
     vertex  3.947368e-03 -2.171053e-01  0.000000e+00
     vertex -3.750000e-01 -3.750000e-01  0.000000e+00
     vertex -8.064581e-02 -2.002786e-01  0.000000e+00
   endloop
 endfacet
 facet normal  0.000000e+00 -0.000000e+00 -1.000000e+00
   outer loop
     vertex -2.171053e-01  3.947368e-03  0.000000e+00
     vertex -2.002786e-01 -8.064581e-02  0.000000e+00
     vertex -3.750000e-01 -3.750000e-01  0.000000e+00
   endloop
 endfacet
 facet normal  0.000000e+00  0.000000e+00 -1.000000e+00
   outer loop
     vertex -3.750000e-01  3.750000e-01  0.000000e+00
     vertex -2.002786e-01  8.854055e-02  0.000000e+00
     vertex -2.171053e-01  3.947368e-03  0.000000e+00
   endloop
 endfacet
 facet normal  0.000000e+00  0.000000e+00 -1.000000e+00
   outer loop
     vertex -3.750000e-01  3.750000e-01  0.000000e+00
     vertex -2.171053e-01  3.947368e-03  0.000000e+00
     vertex -3.750000e-01 -3.750000e-01  0.000000e+00
   endloop
 endfacet
 facet normal  0.000000e+00  0.000000e+00 -1.000000e+00
   outer loop
     vertex  3.750000e-01 -3.750000e-01  0.000000e+00
     vertex  3.947368e-03 -2.171053e-01  0.000000e+00
     vertex  8.854055e-02 -2.002786e-01  0.000000e+00
   endloop
 endfacet
 facet normal  0.000000e+00  0.000000e+00 -1.000000e+00
   outer loop
     vertex  3.750000e-01 -3.750000e-01  0.000000e+00
     vertex -3.750000e-01 -3.750000e-01  0.000000e+00
     vertex  3.947368e-03 -2.171053e-01  0.000000e+00
   endloop
 endfacet
 facet normal -0.000000e+00  0.000000e+00 -1.000000e+00
   outer loop
     vertex -1.523604e-01  1.602552e-01  0.000000e+00
     vertex -2.002786e-01  8.854055e-02  0.000000e+00
     vertex -3.750000e-01  3.750000e-01  0.000000e+00
   endloop
 endfacet
 facet normal  0.000000e+00 -0.000000e+00 -1.000000e+00
   outer loop
     vertex  1.602552e-01 -1.523604e-01  0.000000e+00
     vertex  3.750000e-01 -3.750000e-01  0.000000e+00
     vertex  8.854055e-02 -2.002786e-01  0.000000e+00
   endloop
 endfacet
 facet normal -0.000000e+00  0.000000e+00 -1.000000e+00
   outer loop
     vertex -8.064581e-02  2.081734e-01  0.000000e+00
     vertex -1.523604e-01  1.602552e-01  0.000000e+00
     vertex -3.750000e-01  3.750000e-01  0.000000e+00
   endloop
 endfacet
 facet normal  0.000000e+00 -0.000000e+00 -1.000000e+00
   outer loop
     vertex  2.081734e-01 -8.064581e-02  0.000000e+00
     vertex  3.750000e-01 -3.750000e-01  0.000000e+00
     vertex  1.602552e-01 -1.523604e-01  0.000000e+00
   endloop
 endfacet
 facet normal -0.000000e+00  0.000000e+00 -1.000000e+00
   outer loop
     vertex  3.947368e-03  2.250000e-01  0.000000e+00
     vertex -8.064581e-02  2.081734e-01  0.000000e+00
     vertex -3.750000e-01  3.750000e-01  0.000000e+00
   endloop
 endfacet
 facet normal  0.000000e+00 -0.000000e+00 -1.000000e+00
   outer loop
     vertex  2.250000e-01  3.947368e-03  0.000000e+00
     vertex  3.750000e-01 -3.750000e-01  0.000000e+00
     vertex  2.081734e-01 -8.064581e-02  0.000000e+00
   endloop
 endfacet
 facet normal  0.000000e+00  0.000000e+00 -1.000000e+00
   outer loop
     vertex  3.750000e-01  3.750000e-01  0.000000e+00
     vertex  2.250000e-01  3.947368e-03  0.000000e+00
     vertex  2.081734e-01  8.854055e-02  0.000000e+00
   endloop
 endfacet
 facet normal  0.000000e+00  0.000000e+00 -1.000000e+00
   outer loop
     vertex  3.750000e-01  3.750000e-01  0.000000e+00
     vertex  2.081734e-01  8.854055e-02  0.000000e+00
     vertex  1.602552e-01  1.602552e-01  0.000000e+00
   endloop
 endfacet
 facet normal  0.000000e+00  0.000000e+00 -1.000000e+00
   outer loop
     vertex  3.750000e-01  3.750000e-01  0.000000e+00
     vertex  1.602552e-01  1.602552e-01  0.000000e+00
     vertex  8.854055e-02  2.081734e-01  0.000000e+00
   endloop
 endfacet
 facet normal  0.000000e+00  0.000000e+00 -1.000000e+00
   outer loop
     vertex  3.750000e-01  3.750000e-01  0.000000e+00
     vertex  8.854055e-02  2.081734e-01  0.000000e+00
     vertex  3.947368e-03  2.250000e-01  0.000000e+00
   endloop
 endfacet
 facet normal  0.000000e+00 -0.000000e+00 -1.000000e+00
   outer loop
     vertex  3.750000e-01  3.750000e-01  0.000000e+00
     vertex  3.750000e-01 -3.750000e-01  0.000000e+00
     vertex  2.250000e-01  3.947368e-03  0.000000e+00
   endloop
 endfacet
 facet normal -0.000000e+00  0.000000e+00 -1.000000e+00
   outer loop
     vertex  3.750000e-01  3.750000e-01  0.000000e+00
     vertex  3.947368e-03  2.250000e-01  0.000000e+00
     vertex -3.750000e-01  3.750000e-01  0.000000e+00
   endloop
 endfacet
 facet normal  0.000000e+00  0.000000e+00  1.000000e+00
   outer loop
     vertex -8.064581e-02 -2.002786e-01  7.500000e-01
     vertex -1.523604e-01 -1.523604e-01  7.500000e-01
     vertex -3.750000e-01 -3.750000e-01  7.500000e-01
   endloop
 endfacet
 facet normal  0.000000e+00  0.000000e+00  1.000000e+00
   outer loop
     vertex -2.002786e-01 -8.064581e-02  7.500000e-01
     vertex -3.750000e-01 -3.750000e-01  7.500000e-01
     vertex -1.523604e-01 -1.523604e-01  7.500000e-01
   endloop
 endfacet
 facet normal  0.000000e+00  0.000000e+00  1.000000e+00
   outer loop
     vertex  3.947368e-03 -2.171053e-01  7.500000e-01
     vertex -8.064581e-02 -2.002786e-01  7.500000e-01
     vertex -3.750000e-01 -3.750000e-01  7.500000e-01
   endloop
 endfacet
 facet normal  0.000000e+00  0.000000e+00  1.000000e+00
   outer loop
     vertex -2.171053e-01  3.947368e-03  7.500000e-01
     vertex -3.750000e-01 -3.750000e-01  7.500000e-01
     vertex -2.002786e-01 -8.064581e-02  7.500000e-01
   endloop
 endfacet
 facet normal  0.000000e+00  0.000000e+00  1.000000e+00
   outer loop
     vertex -3.750000e-01  3.750000e-01  7.500000e-01
     vertex -2.171053e-01  3.947368e-03  7.500000e-01
     vertex -2.002786e-01  8.854055e-02  7.500000e-01
   endloop
 endfacet
 facet normal  0.000000e+00  0.000000e+00  1.000000e+00
   outer loop
     vertex -3.750000e-01  3.750000e-01  7.500000e-01
     vertex -3.750000e-01 -3.750000e-01  7.500000e-01
     vertex -2.171053e-01  3.947368e-03  7.500000e-01
   endloop
 endfacet
 facet normal  0.000000e+00  0.000000e+00  1.000000e+00
   outer loop
     vertex  3.750000e-01 -3.750000e-01  7.500000e-01
     vertex  8.854055e-02 -2.002786e-01  7.500000e-01
     vertex  3.947368e-03 -2.171053e-01  7.500000e-01
   endloop
 endfacet
 facet normal  0.000000e+00  0.000000e+00  1.000000e+00
   outer loop
     vertex  3.750000e-01 -3.750000e-01  7.500000e-01
     vertex  3.947368e-03 -2.171053e-01  7.500000e-01
     vertex -3.750000e-01 -3.750000e-01  7.500000e-01
   endloop
 endfacet
 facet normal  0.000000e+00  0.000000e+00  1.000000e+00
   outer loop
     vertex -1.523604e-01  1.602552e-01  7.500000e-01
     vertex -3.750000e-01  3.750000e-01  7.500000e-01
     vertex -2.002786e-01  8.854055e-02  7.500000e-01
   endloop
 endfacet
 facet normal  0.000000e+00  0.000000e+00  1.000000e+00
   outer loop
     vertex  1.602552e-01 -1.523604e-01  7.500000e-01
     vertex  8.854055e-02 -2.002786e-01  7.500000e-01
     vertex  3.750000e-01 -3.750000e-01  7.500000e-01
   endloop
 endfacet
 facet normal  0.000000e+00  0.000000e+00  1.000000e+00
   outer loop
     vertex -8.064581e-02  2.081734e-01  7.500000e-01
     vertex -3.750000e-01  3.750000e-01  7.500000e-01
     vertex -1.523604e-01  1.602552e-01  7.500000e-01
   endloop
 endfacet
 facet normal  0.000000e+00  0.000000e+00  1.000000e+00
   outer loop
     vertex  2.081734e-01 -8.064581e-02  7.500000e-01
     vertex  1.602552e-01 -1.523604e-01  7.500000e-01
     vertex  3.750000e-01 -3.750000e-01  7.500000e-01
   endloop
 endfacet
 facet normal  0.000000e+00  0.000000e+00  1.000000e+00
   outer loop
     vertex  3.947368e-03  2.250000e-01  7.500000e-01
     vertex -3.750000e-01  3.750000e-01  7.500000e-01
     vertex -8.064581e-02  2.081734e-01  7.500000e-01
   endloop
 endfacet
 facet normal  0.000000e+00  0.000000e+00  1.000000e+00
   outer loop
     vertex  2.250000e-01  3.947368e-03  7.500000e-01
     vertex  2.081734e-01 -8.064581e-02  7.500000e-01
     vertex  3.750000e-01 -3.750000e-01  7.500000e-01
   endloop
 endfacet
 facet normal  0.000000e+00  0.000000e+00  1.000000e+00
   outer loop
     vertex  3.750000e-01  3.750000e-01  7.500000e-01
     vertex  2.081734e-01  8.854055e-02  7.500000e-01
     vertex  2.250000e-01  3.947368e-03  7.500000e-01
   endloop
 endfacet
 facet normal  0.000000e+00  0.000000e+00  1.000000e+00
   outer loop
     vertex  3.750000e-01  3.750000e-01  7.500000e-01
     vertex  1.602552e-01  1.602552e-01  7.500000e-01
     vertex  2.081734e-01  8.854055e-02  7.500000e-01
   endloop
 endfacet
 facet normal  0.000000e+00  0.000000e+00  1.000000e+00
   outer loop
     vertex  3.750000e-01  3.750000e-01  7.500000e-01
     vertex  8.854055e-02  2.081734e-01  7.500000e-01
     vertex  1.602552e-01  1.602552e-01  7.500000e-01
   endloop
 endfacet
 facet normal  0.000000e+00  0.000000e+00  1.000000e+00
   outer loop
     vertex  3.750000e-01  3.750000e-01  7.500000e-01
     vertex  3.947368e-03  2.250000e-01  7.500000e-01
     vertex  8.854055e-02  2.081734e-01  7.500000e-01
   endloop
 endfacet
 facet normal  0.000000e+00  0.000000e+00  1.000000e+00
   outer loop
     vertex  3.750000e-01  3.750000e-01  7.500000e-01
     vertex  2.250000e-01  3.947368e-03  7.500000e-01
     vertex  3.750000e-01 -3.750000e-01  7.500000e-01
   endloop
 endfacet
 facet normal  0.000000e+00  0.000000e+00  1.000000e+00
   outer loop
     vertex  3.750000e-01  3.750000e-01  7.500000e-01
     vertex -3.750000e-01  3.750000e-01  7.500000e-01
     vertex  3.947368e-03  2.250000e-01  7.500000e-01
   endloop
 endfacet
endsolid
