solid 
 facet normal  0.000000e+00 -1.000000e+00  0.000000e+00
   outer loop
     vertex  7.500000e-01 -7.500000e-01  0.000000e+00
     vertex -7.500000e-01 -7.500000e-01  3.203125e-01
     vertex -7.500000e-01 -7.500000e-01  0.000000e+00
   endloop
 endfacet
 facet normal  0.000000e+00 -1.000000e+00  0.000000e+00
   outer loop
     vertex  7.500000e-01 -7.500000e-01  0.000000e+00
     vertex  7.500000e-01 -7.500000e-01  3.203125e-01
     vertex -7.500000e-01 -7.500000e-01  3.203125e-01
   endloop
 endfacet
 facet normal -1.000000e+00  0.000000e+00  0.000000e+00
   outer loop
     vertex -7.500000e-01 -7.500000e-01  0.000000e+00
     vertex -7.500000e-01  7.500000e-01  3.203125e-01
     vertex -7.500000e-01  7.500000e-01  0.000000e+00
   endloop
 endfacet
 facet normal -1.000000e+00  0.000000e+00  0.000000e+00
   outer loop
     vertex -7.500000e-01 -7.500000e-01  0.000000e+00
     vertex -7.500000e-01 -7.500000e-01  3.203125e-01
     vertex -7.500000e-01  7.500000e-01  3.203125e-01
   endloop
 endfacet
 facet normal  1.000000e+00  0.000000e+00  0.000000e+00
   outer loop
     vertex  7.500000e-01  7.500000e-01  0.000000e+00
     vertex  7.500000e-01 -7.500000e-01  3.203125e-01
     vertex  7.500000e-01 -7.500000e-01  0.000000e+00
   endloop
 endfacet
 facet normal  1.000000e+00  0.000000e+00 -0.000000e+00
   outer loop
     vertex  7.500000e-01  7.500000e-01  0.000000e+00
     vertex  7.500000e-01  7.500000e-01  3.203125e-01
     vertex  7.500000e-01 -7.500000e-01  3.203125e-01
   endloop
 endfacet
 facet normal  0.000000e+00 -0.000000e+00 -1.000000e+00
   outer loop
     vertex -7.343750e-01  7.265625e-01  0.000000e+00
     vertex -7.343750e-01 -7.343750e-01  0.000000e+00
     vertex -7.500000e-01 -7.500000e-01  0.000000e+00
   endloop
 endfacet
 facet normal -0.000000e+00  0.000000e+00 -1.000000e+00
   outer loop
     vertex  7.265625e-01 -7.343750e-01  0.000000e+00
     vertex -7.500000e-01 -7.500000e-01  0.000000e+00
     vertex -7.343750e-01 -7.343750e-01  0.000000e+00
   endloop
 endfacet
 facet normal  0.000000e+00  0.000000e+00 -1.000000e+00
   outer loop
     vertex -7.500000e-01  7.500000e-01  0.000000e+00
     vertex -7.343750e-01  7.265625e-01  0.000000e+00
     vertex -7.500000e-01 -7.500000e-01  0.000000e+00
   endloop
 endfacet
 facet normal  0.000000e+00  0.000000e+00 -1.000000e+00
   outer loop
     vertex  7.500000e-01 -7.500000e-01  0.000000e+00
     vertex -7.500000e-01 -7.500000e-01  0.000000e+00
     vertex  7.265625e-01 -7.343750e-01  0.000000e+00
   endloop
 endfacet
 facet normal -0.000000e+00  0.000000e+00 -1.000000e+00
   outer loop
     vertex  7.342105e-01 -7.342105e-01  0.000000e+00
     vertex  7.265625e-01 -7.343750e-01  0.000000e+00
     vertex  7.265625e-01 -7.342105e-01  0.000000e+00
   endloop
 endfacet
 facet normal  0.000000e+00 -0.000000e+00 -1.000000e+00
   outer loop
     vertex  7.342105e-01 -7.342105e-01  0.000000e+00
     vertex  7.500000e-01 -7.500000e-01  0.000000e+00
     vertex  7.265625e-01 -7.343750e-01  0.000000e+00
   endloop
 endfacet
 facet normal  0.000000e+00 -0.000000e+00 -1.000000e+00
   outer loop
     vertex -7.342105e-01  7.342105e-01  0.000000e+00
     vertex -7.342105e-01  7.265625e-01  0.000000e+00
     vertex -7.343750e-01  7.265625e-01  0.000000e+00
   endloop
 endfacet
 facet normal -0.000000e+00  0.000000e+00 -1.000000e+00
   outer loop
     vertex -7.342105e-01  7.342105e-01  0.000000e+00
     vertex -7.343750e-01  7.265625e-01  0.000000e+00
     vertex -7.500000e-01  7.500000e-01  0.000000e+00
   endloop
 endfacet
 facet normal  0.000000e+00  0.000000e+00 -1.000000e+00
   outer loop
     vertex  7.500000e-01  7.500000e-01  0.000000e+00
     vertex  7.342105e-01 -7.342105e-01  0.000000e+00
     vertex  7.342105e-01  7.342105e-01  0.000000e+00
   endloop
 endfacet
 facet normal  0.000000e+00 -0.000000e+00 -1.000000e+00
   outer loop
     vertex  7.500000e-01  7.500000e-01  0.000000e+00
     vertex  7.500000e-01 -7.500000e-01  0.000000e+00
     vertex  7.342105e-01 -7.342105e-01  0.000000e+00
   endloop
 endfacet
 facet normal -0.000000e+00  0.000000e+00 -1.000000e+00
   outer loop
     vertex  7.500000e-01  7.500000e-01  0.000000e+00
     vertex -7.342105e-01  7.342105e-01  0.000000e+00
     vertex -7.500000e-01  7.500000e-01  0.000000e+00
   endloop
 endfacet
 facet normal  0.000000e+00  0.000000e+00 -1.000000e+00
   outer loop
     vertex  7.500000e-01  7.500000e-01  0.000000e+00
     vertex  7.342105e-01  7.342105e-01  0.000000e+00
     vertex -7.342105e-01  7.342105e-01  0.000000e+00
   endloop
 endfacet
 facet normal  0.000000e+00  0.000000e+00  1.000000e+00
   outer loop
     vertex  7.500000e-01 -7.500000e-01  3.203125e-01
     vertex  7.342105e-01 -7.342105e-01  3.203125e-01
     vertex -7.342105e-01 -7.342105e-01  3.203125e-01
   endloop
 endfacet
 facet normal  0.000000e+00  0.000000e+00  1.000000e+00
   outer loop
     vertex  7.500000e-01 -7.500000e-01  3.203125e-01
     vertex -7.342105e-01 -7.342105e-01  3.203125e-01
     vertex -7.500000e-01 -7.500000e-01  3.203125e-01
   endloop
 endfacet
 facet normal  0.000000e+00  0.000000e+00  1.000000e+00
   outer loop
     vertex -7.342105e-01  7.342105e-01  3.203125e-01
     vertex -7.500000e-01  7.500000e-01  3.203125e-01
     vertex -7.500000e-01 -7.500000e-01  3.203125e-01
   endloop
 endfacet
 facet normal  0.000000e+00  0.000000e+00  1.000000e+00
   outer loop
     vertex -7.342105e-01  7.342105e-01  3.203125e-01
     vertex -7.500000e-01 -7.500000e-01  3.203125e-01
     vertex -7.342105e-01 -7.342105e-01  3.203125e-01
   endloop
 endfacet
 facet normal  0.000000e+00  0.000000e+00  1.000000e+00
   outer loop
     vertex  7.500000e-01  7.500000e-01  3.203125e-01
     vertex  7.342105e-01  7.342105e-01  3.203125e-01
     vertex  7.342105e-01 -7.342105e-01  3.203125e-01
   endloop
 endfacet
 facet normal  0.000000e+00  0.000000e+00  1.000000e+00
   outer loop
     vertex  7.500000e-01  7.500000e-01  3.203125e-01
     vertex  7.342105e-01 -7.342105e-01  3.203125e-01
     vertex  7.500000e-01 -7.500000e-01  3.203125e-01
   endloop
 endfacet
 facet normal  0.000000e+00  0.000000e+00  1.000000e+00
   outer loop
     vertex  7.500000e-01  7.500000e-01  3.203125e-01
     vertex -7.500000e-01  7.500000e-01  3.203125e-01
     vertex -7.342105e-01  7.342105e-01  3.203125e-01
   endloop
 endfacet
 facet normal  0.000000e+00  0.000000e+00  1.000000e+00
   outer loop
     vertex  7.500000e-01  7.500000e-01  3.203125e-01
     vertex -7.342105e-01  7.342105e-01  3.203125e-01
     vertex  7.342105e-01  7.342105e-01  3.203125e-01
   endloop
 endfacet
 facet normal  0.000000e+00  1.000000e+00  0.000000e+00
   outer loop
     vertex -7.500000e-01  7.500000e-01  0.000000e+00
     vertex  7.500000e-01  7.500000e-01  3.203125e-01
     vertex  7.500000e-01  7.500000e-01  0.000000e+00
   endloop
 endfacet
 facet normal  0.000000e+00  1.000000e+00  0.000000e+00
   outer loop
     vertex -7.500000e-01  7.500000e-01  0.000000e+00
     vertex -7.500000e-01  7.500000e-01  3.203125e-01
     vertex  7.500000e-01  7.500000e-01  3.203125e-01
   endloop
 endfacet
 facet normal  0.000000e+00  1.000000e+00  0.000000e+00
   outer loop
     vertex  7.265625e-01 -7.342105e-01  3.906250e-02
     vertex -7.342105e-01 -7.342105e-01  3.906250e-02
     vertex -7.342105e-01 -7.342105e-01  3.203125e-01
   endloop
 endfacet
 facet normal  0.000000e+00  1.000000e+00 -0.000000e+00
   outer loop
     vertex  7.265625e-01 -7.342105e-01  3.906250e-02
     vertex -7.342105e-01 -7.342105e-01  3.203125e-01
     vertex  7.342105e-01 -7.342105e-01  3.203125e-01
   endloop
 endfacet
 facet normal  0.000000e+00  1.000000e+00  0.000000e+00
   outer loop
     vertex  7.342105e-01 -7.342105e-01  0.000000e+00
     vertex  7.265625e-01 -7.342105e-01  0.000000e+00
     vertex  7.265625e-01 -7.342105e-01  3.906250e-02
   endloop
 endfacet
 facet normal  0.000000e+00  1.000000e+00 -0.000000e+00
   outer loop
     vertex  7.342105e-01 -7.342105e-01  0.000000e+00
     vertex  7.265625e-01 -7.342105e-01  3.906250e-02
     vertex  7.342105e-01 -7.342105e-01  3.203125e-01
   endloop
 endfacet
 facet normal -1.000000e+00  0.000000e+00  0.000000e+00
   outer loop
     vertex  7.342105e-01  7.342105e-01  0.000000e+00
     vertex  7.342105e-01 -7.342105e-01  0.000000e+00
     vertex  7.342105e-01 -7.342105e-01  3.203125e-01
   endloop
 endfacet
 facet normal -1.000000e+00  0.000000e+00  0.000000e+00
   outer loop
     vertex  7.342105e-01  7.342105e-01  0.000000e+00
     vertex  7.342105e-01 -7.342105e-01  3.203125e-01
     vertex  7.342105e-01  7.342105e-01  3.203125e-01
   endloop
 endfacet
 facet normal  0.000000e+00 -1.000000e+00  0.000000e+00
   outer loop
     vertex -7.342105e-01  7.342105e-01  0.000000e+00
     vertex  7.342105e-01  7.342105e-01  0.000000e+00
     vertex  7.342105e-01  7.342105e-01  3.203125e-01
   endloop
 endfacet
 facet normal  0.000000e+00 -1.000000e+00  0.000000e+00
   outer loop
     vertex -7.342105e-01  7.342105e-01  0.000000e+00
     vertex  7.342105e-01  7.342105e-01  3.203125e-01
     vertex -7.342105e-01  7.342105e-01  3.203125e-01
   endloop
 endfacet
 facet normal  1.000000e+00  0.000000e+00 -0.000000e+00
   outer loop
     vertex -7.342105e-01  7.342105e-01  0.000000e+00
     vertex -7.342105e-01  7.342105e-01  3.203125e-01
     vertex -7.342105e-01  7.265625e-01  3.906250e-02
   endloop
 endfacet
 facet normal  1.000000e+00  0.000000e+00  0.000000e+00
   outer loop
     vertex -7.342105e-01  7.265625e-01  0.000000e+00
     vertex -7.342105e-01  7.342105e-01  0.000000e+00
     vertex -7.342105e-01  7.265625e-01  3.906250e-02
   endloop
 endfacet
 facet normal  1.000000e+00 -0.000000e+00  0.000000e+00
   outer loop
     vertex -7.342105e-01 -7.342105e-01  3.203125e-01
     vertex -7.342105e-01  7.265625e-01  3.906250e-02
     vertex -7.342105e-01  7.342105e-01  3.203125e-01
   endloop
 endfacet
 facet normal  1.000000e+00  0.000000e+00  0.000000e+00
   outer loop
     vertex -7.342105e-01 -7.342105e-01  3.906250e-02
     vertex -7.342105e-01  7.265625e-01  3.906250e-02
     vertex -7.342105e-01 -7.342105e-01  3.203125e-01
   endloop
 endfacet
 facet normal  0.000000e+00  0.000000e+00 -1.000000e+00
   outer loop
     vertex -7.343750e-01  7.265625e-01  0.000000e+00
     vertex -7.342105e-01 -7.342105e-01  0.000000e+00
     vertex -7.343750e-01 -7.343750e-01  0.000000e+00
   endloop
 endfacet
 facet normal  0.000000e+00  0.000000e+00 -1.000000e+00
   outer loop
     vertex  7.265625e-01 -7.343750e-01  0.000000e+00
     vertex -7.343750e-01 -7.343750e-01  0.000000e+00
     vertex -7.342105e-01 -7.342105e-01  0.000000e+00
   endloop
 endfacet
 facet normal -0.000000e+00 -0.000000e+00 -1.000000e+00
   outer loop
     vertex  7.265625e-01 -7.342105e-01  0.000000e+00
     vertex  7.265625e-01 -7.343750e-01  0.000000e+00
     vertex -7.342105e-01 -7.342105e-01  0.000000e+00
   endloop
 endfacet
 facet normal -0.000000e+00 -0.000000e+00 -1.000000e+00
   outer loop
     vertex -7.342105e-01  7.265625e-01  0.000000e+00
     vertex -7.342105e-01 -7.342105e-01  0.000000e+00
     vertex -7.343750e-01  7.265625e-01  0.000000e+00
   endloop
 endfacet
 facet normal  0.000000e+00  0.000000e+00  1.000000e+00
   outer loop
     vertex  7.265625e-01  7.265625e-01  3.906250e-02
     vertex -7.342105e-01 -7.342105e-01  3.906250e-02
     vertex  7.265625e-01 -7.342105e-01  3.906250e-02
   endloop
 endfacet
 facet normal  0.000000e+00  0.000000e+00  1.000000e+00
   outer loop
     vertex  7.265625e-01  7.265625e-01  3.906250e-02
     vertex -7.342105e-01  7.265625e-01  3.906250e-02
     vertex -7.342105e-01 -7.342105e-01  3.906250e-02
   endloop
 endfacet
 facet normal  1.000000e+00  0.000000e+00  0.000000e+00
   outer loop
     vertex  7.265625e-01  7.265625e-01  0.000000e+00
     vertex  7.265625e-01 -7.342105e-01  3.906250e-02
     vertex  7.265625e-01 -7.342105e-01  0.000000e+00
   endloop
 endfacet
 facet normal  1.000000e+00  0.000000e+00 -0.000000e+00
   outer loop
     vertex  7.265625e-01  7.265625e-01  0.000000e+00
     vertex  7.265625e-01  7.265625e-01  3.906250e-02
     vertex  7.265625e-01 -7.342105e-01  3.906250e-02
   endloop
 endfacet
 facet normal  0.000000e+00  1.000000e+00  0.000000e+00
   outer loop
     vertex -7.342105e-01  7.265625e-01  0.000000e+00
     vertex  7.265625e-01  7.265625e-01  3.906250e-02
     vertex  7.265625e-01  7.265625e-01  0.000000e+00
   endloop
 endfacet
 facet normal  0.000000e+00  1.000000e+00  0.000000e+00
   outer loop
     vertex -7.342105e-01  7.265625e-01  0.000000e+00
     vertex -7.342105e-01  7.265625e-01  3.906250e-02
     vertex  7.265625e-01  7.265625e-01  3.906250e-02
   endloop
 endfacet
 facet normal  0.000000e+00 -0.000000e+00 -1.000000e+00
   outer loop
     vertex  7.265625e-01  7.265625e-01  0.000000e+00
     vertex  7.265625e-01 -7.342105e-01  0.000000e+00
     vertex -7.342105e-01 -7.342105e-01  0.000000e+00
   endloop
 endfacet
 facet normal -0.000000e+00  0.000000e+00 -1.000000e+00
   outer loop
     vertex  7.265625e-01  7.265625e-01  0.000000e+00
     vertex -7.342105e-01 -7.342105e-01  0.000000e+00
     vertex -7.342105e-01  7.265625e-01  0.000000e+00
   endloop
 endfacet
endsolid
