solid 
 facet normal  0.000000e+00 -1.000000e+00  0.000000e+00
   outer loop
     vertex  7.031250e-02 -7.812500e-02  0.000000e+00
     vertex -7.812500e-02 -7.812500e-02  7.500000e-01
     vertex -7.812500e-02 -7.812500e-02  0.000000e+00
   endloop
 endfacet
 facet normal  0.000000e+00 -1.000000e+00  0.000000e+00
   outer loop
     vertex  7.031250e-02 -7.812500e-02  0.000000e+00
     vertex  7.031250e-02 -7.812500e-02  7.500000e-01
     vertex -7.812500e-02 -7.812500e-02  7.500000e-01
   endloop
 endfacet
 facet normal -1.000000e+00  0.000000e+00  0.000000e+00
   outer loop
     vertex -7.812500e-02 -7.812500e-02  0.000000e+00
     vertex -7.812500e-02  7.031250e-02  7.500000e-01
     vertex -7.812500e-02  7.031250e-02  0.000000e+00
   endloop
 endfacet
 facet normal -1.000000e+00  0.000000e+00  0.000000e+00
   outer loop
     vertex -7.812500e-02 -7.812500e-02  0.000000e+00
     vertex -7.812500e-02 -7.812500e-02  7.500000e-01
     vertex -7.812500e-02  7.031250e-02  7.500000e-01
   endloop
 endfacet
 facet normal  1.000000e+00  0.000000e+00  0.000000e+00
   outer loop
     vertex  7.031250e-02  7.031250e-02  0.000000e+00
     vertex  7.031250e-02 -7.812500e-02  7.500000e-01
     vertex  7.031250e-02 -7.812500e-02  0.000000e+00
   endloop
 endfacet
 facet normal  1.000000e+00  0.000000e+00 -0.000000e+00
   outer loop
     vertex  7.031250e-02  7.031250e-02  0.000000e+00
     vertex  7.031250e-02  7.031250e-02  7.500000e-01
     vertex  7.031250e-02 -7.812500e-02  7.500000e-01
   endloop
 endfacet
 facet normal -0.000000e+00 -1.000000e+00  0.000000e+00
   outer loop
     vertex  7.031250e-02 -7.812500e-02  0.000000e+00
     vertex -7.812500e-02 -7.812500e-02  0.000000e+00
     vertex -7.812500e-02 -7.812500e-02 -7.500000e-01
   endloop
 endfacet
 facet normal  0.000000e+00 -1.000000e+00 -0.000000e+00
   outer loop
     vertex  7.031250e-02 -7.812500e-02  0.000000e+00
     vertex -7.812500e-02 -7.812500e-02 -7.500000e-01
     vertex  7.031250e-02 -7.812500e-02 -7.500000e-01
   endloop
 endfacet
 facet normal  0.000000e+00  0.000000e+00  1.000000e+00
   outer loop
     vertex  7.031250e-02 -7.812500e-02  7.500000e-01
     vertex -6.250000e-02 -6.250000e-02  7.500000e-01
     vertex -7.812500e-02 -7.812500e-02  7.500000e-01
   endloop
 endfacet
 facet normal  0.000000e+00  0.000000e+00  1.000000e+00
   outer loop
     vertex -7.812500e-02  7.031250e-02  7.500000e-01
     vertex -7.812500e-02 -7.812500e-02  7.500000e-01
     vertex -6.250000e-02 -6.250000e-02  7.500000e-01
   endloop
 endfacet
 facet normal  0.000000e+00  0.000000e+00  1.000000e+00
   outer loop
     vertex  5.625000e-02 -6.250000e-02  7.500000e-01
     vertex -6.250000e-02 -6.250000e-02  7.500000e-01
     vertex  7.031250e-02 -7.812500e-02  7.500000e-01
   endloop
 endfacet
 facet normal  0.000000e+00  0.000000e+00  1.000000e+00
   outer loop
     vertex -6.250000e-02  5.625000e-02  7.500000e-01
     vertex -7.812500e-02  7.031250e-02  7.500000e-01
     vertex -6.250000e-02 -6.250000e-02  7.500000e-01
   endloop
 endfacet
 facet normal  0.000000e+00  0.000000e+00  1.000000e+00
   outer loop
     vertex  7.031250e-02  7.031250e-02  7.500000e-01
     vertex  5.625000e-02  5.625000e-02  7.500000e-01
     vertex  5.625000e-02 -6.250000e-02  7.500000e-01
   endloop
 endfacet
 facet normal  0.000000e+00  0.000000e+00  1.000000e+00
   outer loop
     vertex  7.031250e-02  7.031250e-02  7.500000e-01
     vertex  5.625000e-02 -6.250000e-02  7.500000e-01
     vertex  7.031250e-02 -7.812500e-02  7.500000e-01
   endloop
 endfacet
 facet normal  0.000000e+00  0.000000e+00  1.000000e+00
   outer loop
     vertex  7.031250e-02  7.031250e-02  7.500000e-01
     vertex -7.812500e-02  7.031250e-02  7.500000e-01
     vertex -6.250000e-02  5.625000e-02  7.500000e-01
   endloop
 endfacet
 facet normal  0.000000e+00  0.000000e+00  1.000000e+00
   outer loop
     vertex  7.031250e-02  7.031250e-02  7.500000e-01
     vertex -6.250000e-02  5.625000e-02  7.500000e-01
     vertex  5.625000e-02  5.625000e-02  7.500000e-01
   endloop
 endfacet
 facet normal  0.000000e+00  1.000000e+00  0.000000e+00
   outer loop
     vertex -7.812500e-02  7.031250e-02  0.000000e+00
     vertex  7.031250e-02  7.031250e-02  7.500000e-01
     vertex  7.031250e-02  7.031250e-02  0.000000e+00
   endloop
 endfacet
 facet normal  0.000000e+00  1.000000e+00  0.000000e+00
   outer loop
     vertex -7.812500e-02  7.031250e-02  0.000000e+00
     vertex -7.812500e-02  7.031250e-02  7.500000e-01
     vertex  7.031250e-02  7.031250e-02  7.500000e-01
   endloop
 endfacet
 facet normal -1.000000e+00  0.000000e+00  0.000000e+00
   outer loop
     vertex -7.812500e-02 -7.812500e-02  0.000000e+00
     vertex -7.812500e-02  7.031250e-02  0.000000e+00
     vertex -7.812500e-02  7.031250e-02 -7.500000e-01
   endloop
 endfacet
 facet normal -1.000000e+00  0.000000e+00  0.000000e+00
   outer loop
     vertex -7.812500e-02 -7.812500e-02  0.000000e+00
     vertex -7.812500e-02  7.031250e-02 -7.500000e-01
     vertex -7.812500e-02 -7.812500e-02 -7.500000e-01
   endloop
 endfacet
 facet normal  1.000000e+00  0.000000e+00  0.000000e+00
   outer loop
     vertex  7.031250e-02  7.031250e-02  0.000000e+00
     vertex  7.031250e-02 -7.812500e-02  0.000000e+00
     vertex  7.031250e-02 -7.812500e-02 -7.500000e-01
   endloop
 endfacet
 facet normal  1.000000e+00  0.000000e+00  0.000000e+00
   outer loop
     vertex  7.031250e-02  7.031250e-02  0.000000e+00
     vertex  7.031250e-02 -7.812500e-02 -7.500000e-01
     vertex  7.031250e-02  7.031250e-02 -7.500000e-01
   endloop
 endfacet
 facet normal  0.000000e+00  0.000000e+00 -1.000000e+00
   outer loop
     vertex  7.031250e-02 -7.812500e-02 -7.500000e-01
     vertex -7.812500e-02 -7.812500e-02 -7.500000e-01
     vertex -6.250000e-02 -6.250000e-02 -7.500000e-01
   endloop
 endfacet
 facet normal  0.000000e+00  0.000000e+00 -1.000000e+00
   outer loop
     vertex -7.812500e-02  7.031250e-02 -7.500000e-01
     vertex -6.250000e-02 -6.250000e-02 -7.500000e-01
     vertex -7.812500e-02 -7.812500e-02 -7.500000e-01
   endloop
 endfacet
 facet normal -0.000000e+00 -0.000000e+00 -1.000000e+00
   outer loop
     vertex  5.625000e-02 -6.250000e-02 -7.500000e-01
     vertex  7.031250e-02 -7.812500e-02 -7.500000e-01
     vertex -6.250000e-02 -6.250000e-02 -7.500000e-01
   endloop
 endfacet
 facet normal -0.000000e+00 -0.000000e+00 -1.000000e+00
   outer loop
     vertex -6.250000e-02  5.625000e-02 -7.500000e-01
     vertex -6.250000e-02 -6.250000e-02 -7.500000e-01
     vertex -7.812500e-02  7.031250e-02 -7.500000e-01
   endloop
 endfacet
 facet normal  0.000000e+00  0.000000e+00 -1.000000e+00
   outer loop
     vertex  7.031250e-02  7.031250e-02 -7.500000e-01
     vertex  5.625000e-02 -6.250000e-02 -7.500000e-01
     vertex  5.625000e-02  5.625000e-02 -7.500000e-01
   endloop
 endfacet
 facet normal  0.000000e+00 -0.000000e+00 -1.000000e+00
   outer loop
     vertex  7.031250e-02  7.031250e-02 -7.500000e-01
     vertex  7.031250e-02 -7.812500e-02 -7.500000e-01
     vertex  5.625000e-02 -6.250000e-02 -7.500000e-01
   endloop
 endfacet
 facet normal -0.000000e+00  0.000000e+00 -1.000000e+00
   outer loop
     vertex  7.031250e-02  7.031250e-02 -7.500000e-01
     vertex -6.250000e-02  5.625000e-02 -7.500000e-01
     vertex -7.812500e-02  7.031250e-02 -7.500000e-01
   endloop
 endfacet
 facet normal  0.000000e+00  0.000000e+00 -1.000000e+00
   outer loop
     vertex  7.031250e-02  7.031250e-02 -7.500000e-01
     vertex  5.625000e-02  5.625000e-02 -7.500000e-01
     vertex -6.250000e-02  5.625000e-02 -7.500000e-01
   endloop
 endfacet
 facet normal  0.000000e+00  1.000000e+00  0.000000e+00
   outer loop
     vertex  5.625000e-02 -6.250000e-02  0.000000e+00
     vertex -6.250000e-02 -6.250000e-02  0.000000e+00
     vertex -6.250000e-02 -6.250000e-02  7.500000e-01
   endloop
 endfacet
 facet normal  0.000000e+00  1.000000e+00 -0.000000e+00
   outer loop
     vertex  5.625000e-02 -6.250000e-02  0.000000e+00
     vertex -6.250000e-02 -6.250000e-02  7.500000e-01
     vertex  5.625000e-02 -6.250000e-02  7.500000e-01
   endloop
 endfacet
 facet normal -1.000000e+00  0.000000e+00  0.000000e+00
   outer loop
     vertex  5.625000e-02  5.625000e-02  0.000000e+00
     vertex  5.625000e-02 -6.250000e-02  0.000000e+00
     vertex  5.625000e-02 -6.250000e-02  7.500000e-01
   endloop
 endfacet
 facet normal -1.000000e+00  0.000000e+00  0.000000e+00
   outer loop
     vertex  5.625000e-02  5.625000e-02  0.000000e+00
     vertex  5.625000e-02 -6.250000e-02  7.500000e-01
     vertex  5.625000e-02  5.625000e-02  7.500000e-01
   endloop
 endfacet
 facet normal  0.000000e+00 -1.000000e+00  0.000000e+00
   outer loop
     vertex -6.250000e-02  5.625000e-02  0.000000e+00
     vertex  5.625000e-02  5.625000e-02  0.000000e+00
     vertex  5.625000e-02  5.625000e-02  7.500000e-01
   endloop
 endfacet
 facet normal  0.000000e+00 -1.000000e+00  0.000000e+00
   outer loop
     vertex -6.250000e-02  5.625000e-02  0.000000e+00
     vertex  5.625000e-02  5.625000e-02  7.500000e-01
     vertex -6.250000e-02  5.625000e-02  7.500000e-01
   endloop
 endfacet
 facet normal  1.000000e+00  0.000000e+00  0.000000e+00
   outer loop
     vertex -6.250000e-02 -6.250000e-02  0.000000e+00
     vertex -6.250000e-02  5.625000e-02  0.000000e+00
     vertex -6.250000e-02  5.625000e-02  7.500000e-01
   endloop
 endfacet
 facet normal  1.000000e+00  0.000000e+00  0.000000e+00
   outer loop
     vertex -6.250000e-02 -6.250000e-02  0.000000e+00
     vertex -6.250000e-02  5.625000e-02  7.500000e-01
     vertex -6.250000e-02 -6.250000e-02  7.500000e-01
   endloop
 endfacet
 facet normal -0.000000e+00  1.000000e+00  0.000000e+00
   outer loop
     vertex -7.812500e-02  7.031250e-02  0.000000e+00
     vertex  7.031250e-02  7.031250e-02  0.000000e+00
     vertex  7.031250e-02  7.031250e-02 -7.500000e-01
   endloop
 endfacet
 facet normal  0.000000e+00  1.000000e+00  0.000000e+00
   outer loop
     vertex -7.812500e-02  7.031250e-02  0.000000e+00
     vertex  7.031250e-02  7.031250e-02 -7.500000e-01
     vertex -7.812500e-02  7.031250e-02 -7.500000e-01
   endloop
 endfacet
 facet normal  0.000000e+00  1.000000e+00  0.000000e+00
   outer loop
     vertex  5.625000e-02 -6.250000e-02  0.000000e+00
     vertex -6.250000e-02 -6.250000e-02 -7.500000e-01
     vertex -6.250000e-02 -6.250000e-02  0.000000e+00
   endloop
 endfacet
 facet normal  0.000000e+00  1.000000e+00  0.000000e+00
   outer loop
     vertex  5.625000e-02 -6.250000e-02  0.000000e+00
     vertex  5.625000e-02 -6.250000e-02 -7.500000e-01
     vertex -6.250000e-02 -6.250000e-02 -7.500000e-01
   endloop
 endfacet
 facet normal -1.000000e+00 -0.000000e+00  0.000000e+00
   outer loop
     vertex  5.625000e-02  5.625000e-02  0.000000e+00
     vertex  5.625000e-02 -6.250000e-02 -7.500000e-01
     vertex  5.625000e-02 -6.250000e-02  0.000000e+00
   endloop
 endfacet
 facet normal -1.000000e+00  0.000000e+00 -0.000000e+00
   outer loop
     vertex  5.625000e-02  5.625000e-02  0.000000e+00
     vertex  5.625000e-02  5.625000e-02 -7.500000e-01
     vertex  5.625000e-02 -6.250000e-02 -7.500000e-01
   endloop
 endfacet
 facet normal  0.000000e+00 -1.000000e+00  0.000000e+00
   outer loop
     vertex -6.250000e-02  5.625000e-02  0.000000e+00
     vertex  5.625000e-02  5.625000e-02 -7.500000e-01
     vertex  5.625000e-02  5.625000e-02  0.000000e+00
   endloop
 endfacet
 facet normal  0.000000e+00 -1.000000e+00  0.000000e+00
   outer loop
     vertex -6.250000e-02  5.625000e-02  0.000000e+00
     vertex -6.250000e-02  5.625000e-02 -7.500000e-01
     vertex  5.625000e-02  5.625000e-02 -7.500000e-01
   endloop
 endfacet
 facet normal  1.000000e+00 -0.000000e+00  0.000000e+00
   outer loop
     vertex -6.250000e-02 -6.250000e-02  0.000000e+00
     vertex -6.250000e-02  5.625000e-02 -7.500000e-01
     vertex -6.250000e-02  5.625000e-02  0.000000e+00
   endloop
 endfacet
 facet normal  1.000000e+00  0.000000e+00  0.000000e+00
   outer loop
     vertex -6.250000e-02 -6.250000e-02  0.000000e+00
     vertex -6.250000e-02 -6.250000e-02 -7.500000e-01
     vertex -6.250000e-02  5.625000e-02 -7.500000e-01
   endloop
 endfacet
endsolid
