solid 
 facet normal -0.000000e+00  0.000000e+00 -1.000000e+00
   outer loop
     vertex  7.812500e-03  1.435133e-18 -1.562500e-02
     vertex -1.562500e-02  0.000000e+00 -1.562500e-02
     vertex -1.562500e-02  1.000000e+00 -1.562500e-02
   endloop
 endfacet
 facet normal  0.000000e+00  0.000000e+00 -1.000000e+00
   outer loop
     vertex  7.812500e-03  1.435133e-18 -1.562500e-02
     vertex -1.562500e-02  1.000000e+00 -1.562500e-02
     vertex  7.812500e-03  1.000000e+00 -1.562500e-02
   endloop
 endfacet
 facet normal  1.000000e+00  0.000000e+00  0.000000e+00
   outer loop
     vertex  7.812500e-03  2.870266e-18  7.812500e-03
     vertex  7.812500e-03  1.435133e-18 -1.562500e-02
     vertex  7.812500e-03  1.000000e+00 -1.562500e-02
   endloop
 endfacet
 facet normal  1.000000e+00 -0.000000e+00  0.000000e+00
   outer loop
     vertex  7.812500e-03  2.870266e-18  7.812500e-03
     vertex  7.812500e-03  1.000000e+00 -1.562500e-02
     vertex  7.812500e-03  1.000000e+00  7.812500e-03
   endloop
 endfacet
 facet normal  0.000000e+00  0.000000e+00  1.000000e+00
   outer loop
     vertex -1.562500e-02  1.435133e-18  7.812500e-03
     vertex  7.812500e-03  2.870266e-18  7.812500e-03
     vertex  7.812500e-03  1.000000e+00  7.812500e-03
   endloop
 endfacet
 facet normal  0.000000e+00  0.000000e+00  1.000000e+00
   outer loop
     vertex -1.562500e-02  1.435133e-18  7.812500e-03
     vertex  7.812500e-03  1.000000e+00  7.812500e-03
     vertex -1.562500e-02  1.000000e+00  7.812500e-03
   endloop
 endfacet
 facet normal -1.000000e+00  0.000000e+00  0.000000e+00
   outer loop
     vertex -1.562500e-02  0.000000e+00 -1.562500e-02
     vertex -1.562500e-02  1.435133e-18  7.812500e-03
     vertex -1.562500e-02  1.000000e+00  7.812500e-03
   endloop
 endfacet
 facet normal -1.000000e+00  0.000000e+00  0.000000e+00
   outer loop
     vertex -1.562500e-02  0.000000e+00 -1.562500e-02
     vertex -1.562500e-02  1.000000e+00  7.812500e-03
     vertex -1.562500e-02  1.000000e+00 -1.562500e-02
   endloop
 endfacet
 facet normal  0.000000e+00  0.000000e+00  1.000000e+00
   outer loop
     vertex  5.592105e-03  1.450240e-18 -1.315789e-02
     vertex -1.315789e-02  1.000000e+00 -1.315789e-02
     vertex -1.315789e-02  3.021333e-19 -1.315789e-02
   endloop
 endfacet
 facet normal  0.000000e+00 -0.000000e+00  1.000000e+00
   outer loop
     vertex  5.592105e-03  1.450240e-18 -1.315789e-02
     vertex  5.592105e-03  1.000000e+00 -1.315789e-02
     vertex -1.315789e-02  1.000000e+00 -1.315789e-02
   endloop
 endfacet
 facet normal -1.000000e+00  0.000000e+00 -0.000000e+00
   outer loop
     vertex  5.592105e-03  2.598346e-18  5.592105e-03
     vertex  5.592105e-03  1.000000e+00 -1.315789e-02
     vertex  5.592105e-03  1.450240e-18 -1.315789e-02
   endloop
 endfacet
 facet normal -1.000000e+00  0.000000e+00  0.000000e+00
   outer loop
     vertex  5.592105e-03  2.598346e-18  5.592105e-03
     vertex  5.592105e-03  1.000000e+00  5.592105e-03
     vertex  5.592105e-03  1.000000e+00 -1.315789e-02
   endloop
 endfacet
 facet normal  0.000000e+00  0.000000e+00 -1.000000e+00
   outer loop
     vertex -1.315789e-02  1.450240e-18  5.592105e-03
     vertex  5.592105e-03  1.000000e+00  5.592105e-03
     vertex  5.592105e-03  2.598346e-18  5.592105e-03
   endloop
 endfacet
 facet normal  0.000000e+00  0.000000e+00 -1.000000e+00
   outer loop
     vertex -1.315789e-02  1.450240e-18  5.592105e-03
     vertex -1.315789e-02  1.000000e+00  5.592105e-03
     vertex  5.592105e-03  1.000000e+00  5.592105e-03
   endloop
 endfacet
 facet normal  1.000000e+00  0.000000e+00  0.000000e+00
   outer loop
     vertex -1.315789e-02  3.021333e-19 -1.315789e-02
     vertex -1.315789e-02  1.000000e+00  5.592105e-03
     vertex -1.315789e-02  1.450240e-18  5.592105e-03
   endloop
 endfacet
 facet normal  1.000000e+00  0.000000e+00  0.000000e+00
   outer loop
     vertex -1.315789e-02  3.021333e-19 -1.315789e-02
     vertex -1.315789e-02  1.000000e+00 -1.315789e-02
     vertex -1.315789e-02  1.000000e+00  5.592105e-03
   endloop
 endfacet
 facet normal  6.123234e-17 -1.000000e+00  6.123234e-17
   outer loop
     vertex  7.812500e-03  1.435133e-18 -1.562500e-02
     vertex -1.315789e-02  3.021333e-19 -1.315789e-02
     vertex -1.562500e-02  0.000000e+00 -1.562500e-02
   endloop
 endfacet
 facet normal  6.123234e-17 -1.000000e+00  6.123234e-17
   outer loop
     vertex -1.562500e-02  1.435133e-18  7.812500e-03
     vertex -1.562500e-02  0.000000e+00 -1.562500e-02
     vertex -1.315789e-02  3.021333e-19 -1.315789e-02
   endloop
 endfacet
 facet normal  6.123234e-17 -1.000000e+00  6.123234e-17
   outer loop
     vertex  5.592105e-03  1.450240e-18 -1.315789e-02
     vertex -1.315789e-02  3.021333e-19 -1.315789e-02
     vertex  7.812500e-03  1.435133e-18 -1.562500e-02
   endloop
 endfacet
 facet normal  6.123234e-17 -1.000000e+00  6.123234e-17
   outer loop
     vertex -1.315789e-02  1.450240e-18  5.592105e-03
     vertex -1.562500e-02  1.435133e-18  7.812500e-03
     vertex -1.315789e-02  3.021333e-19 -1.315789e-02
   endloop
 endfacet
 facet normal  6.123234e-17 -1.000000e+00  6.123234e-17
   outer loop
     vertex  7.812500e-03  2.870266e-18  7.812500e-03
     vertex  5.592105e-03  2.598346e-18  5.592105e-03
     vertex  5.592105e-03  1.450240e-18 -1.315789e-02
   endloop
 endfacet
 facet normal  6.123234e-17 -1.000000e+00  6.123234e-17
   outer loop
     vertex  7.812500e-03  2.870266e-18  7.812500e-03
     vertex  5.592105e-03  1.450240e-18 -1.315789e-02
     vertex  7.812500e-03  1.435133e-18 -1.562500e-02
   endloop
 endfacet
 facet normal  6.123234e-17 -1.000000e+00  6.123234e-17
   outer loop
     vertex  7.812500e-03  2.870266e-18  7.812500e-03
     vertex -1.562500e-02  1.435133e-18  7.812500e-03
     vertex  5.592105e-03  2.598346e-18  5.592105e-03
   endloop
 endfacet
 facet normal  6.123234e-17 -1.000000e+00  6.123234e-17
   outer loop
     vertex  5.592105e-03  2.598346e-18  5.592105e-03
     vertex -1.562500e-02  1.435133e-18  7.812500e-03
     vertex -1.315789e-02  1.450240e-18  5.592105e-03
   endloop
 endfacet
 facet normal  0.000000e+00  1.000000e+00  0.000000e+00
   outer loop
     vertex  7.812500e-03  1.000000e+00 -1.562500e-02
     vertex -1.562500e-02  1.000000e+00 -1.562500e-02
     vertex -1.315789e-02  1.000000e+00 -1.315789e-02
   endloop
 endfacet
 facet normal  0.000000e+00  1.000000e+00  0.000000e+00
   outer loop
     vertex -1.562500e-02  1.000000e+00  7.812500e-03
     vertex -1.315789e-02  1.000000e+00 -1.315789e-02
     vertex -1.562500e-02  1.000000e+00 -1.562500e-02
   endloop
 endfacet
 facet normal  0.000000e+00  1.000000e+00  0.000000e+00
   outer loop
     vertex  5.592105e-03  1.000000e+00 -1.315789e-02
     vertex  7.812500e-03  1.000000e+00 -1.562500e-02
     vertex -1.315789e-02  1.000000e+00 -1.315789e-02
   endloop
 endfacet
 facet normal  0.000000e+00  1.000000e+00  0.000000e+00
   outer loop
     vertex -1.315789e-02  1.000000e+00  5.592105e-03
     vertex -1.315789e-02  1.000000e+00 -1.315789e-02
     vertex -1.562500e-02  1.000000e+00  7.812500e-03
   endloop
 endfacet
 facet normal  0.000000e+00  1.000000e+00  0.000000e+00
   outer loop
     vertex  7.812500e-03  1.000000e+00  7.812500e-03
     vertex  5.592105e-03  1.000000e+00 -1.315789e-02
     vertex  5.592105e-03  1.000000e+00  5.592105e-03
   endloop
 endfacet
 facet normal  0.000000e+00  1.000000e+00  0.000000e+00
   outer loop
     vertex  7.812500e-03  1.000000e+00  7.812500e-03
     vertex  7.812500e-03  1.000000e+00 -1.562500e-02
     vertex  5.592105e-03  1.000000e+00 -1.315789e-02
   endloop
 endfacet
 facet normal  0.000000e+00  1.000000e+00  0.000000e+00
   outer loop
     vertex  7.812500e-03  1.000000e+00  7.812500e-03
     vertex  5.592105e-03  1.000000e+00  5.592105e-03
     vertex -1.562500e-02  1.000000e+00  7.812500e-03
   endloop
 endfacet
 facet normal  0.000000e+00  1.000000e+00  0.000000e+00
   outer loop
     vertex  5.592105e-03  1.000000e+00  5.592105e-03
     vertex -1.315789e-02  1.000000e+00  5.592105e-03
     vertex -1.562500e-02  1.000000e+00  7.812500e-03
   endloop
 endfacet
endsolid
