solid 
 facet normal  0.000000e+00  0.000000e+00  1.000000e+00
   outer loop
     vertex  1.562500e-02  1.562500e-02  7.500000e-01
     vertex -1.562500e-02 -1.562500e-02  7.500000e-01
     vertex  1.562500e-02 -1.562500e-02  7.500000e-01
   endloop
 endfacet
 facet normal  0.000000e+00  0.000000e+00  1.000000e+00
   outer loop
     vertex  1.562500e-02  1.562500e-02  7.500000e-01
     vertex -1.562500e-02  1.562500e-02  7.500000e-01
     vertex -1.562500e-02 -1.562500e-02  7.500000e-01
   endloop
 endfacet
 facet normal  0.000000e+00  0.000000e+00  1.000000e+00
   outer loop
     vertex  1.562500e-02 -1.562500e-02  7.500000e-01
     vertex -1.562500e-02 -1.093750e-01  7.500000e-01
     vertex  2.187500e-02 -1.093750e-01  7.500000e-01
   endloop
 endfacet
 facet normal  0.000000e+00  0.000000e+00  1.000000e+00
   outer loop
     vertex  1.562500e-02 -1.562500e-02  7.500000e-01
     vertex -1.562500e-02 -1.562500e-02  7.500000e-01
     vertex -1.562500e-02 -1.093750e-01  7.500000e-01
   endloop
 endfacet
 facet normal  0.000000e+00  0.000000e+00  1.000000e+00
   outer loop
     vertex  2.187500e-02 -1.562500e-02  7.500000e-01
     vertex  1.562500e-02 -1.562500e-02  7.500000e-01
     vertex  2.187500e-02 -1.093750e-01  7.500000e-01
   endloop
 endfacet
 facet normal  0.000000e+00  0.000000e+00  1.000000e+00
   outer loop
     vertex -1.562500e-02  1.562500e-02  7.500000e-01
     vertex -1.093750e-01 -1.562500e-02  7.500000e-01
     vertex -1.562500e-02 -1.562500e-02  7.500000e-01
   endloop
 endfacet
 facet normal  0.000000e+00  0.000000e+00  1.000000e+00
   outer loop
     vertex -1.562500e-02  1.562500e-02  7.500000e-01
     vertex -1.093750e-01  2.187500e-02  7.500000e-01
     vertex -1.093750e-01 -1.562500e-02  7.500000e-01
   endloop
 endfacet
 facet normal  0.000000e+00  0.000000e+00  1.000000e+00
   outer loop
     vertex -1.562500e-02  2.187500e-02  7.500000e-01
     vertex -1.093750e-01  2.187500e-02  7.500000e-01
     vertex -1.562500e-02  1.562500e-02  7.500000e-01
   endloop
 endfacet
 facet normal  0.000000e+00  0.000000e+00  1.000000e+00
   outer loop
     vertex  1.562500e-02  2.187500e-02  7.500000e-01
     vertex -1.562500e-02  2.343750e-02  7.500000e-01
     vertex -1.562500e-02  2.187500e-02  7.500000e-01
   endloop
 endfacet
 facet normal  0.000000e+00  0.000000e+00  1.000000e+00
   outer loop
     vertex  1.562500e-02  2.187500e-02  7.500000e-01
     vertex -1.562500e-02  2.187500e-02  7.500000e-01
     vertex -1.562500e-02  1.562500e-02  7.500000e-01
   endloop
 endfacet
 facet normal  0.000000e+00  0.000000e+00  1.000000e+00
   outer loop
     vertex  1.562500e-02  2.187500e-02  7.500000e-01
     vertex -1.562500e-02  1.562500e-02  7.500000e-01
     vertex  1.562500e-02  1.562500e-02  7.500000e-01
   endloop
 endfacet
 facet normal  0.000000e+00  0.000000e+00  1.000000e+00
   outer loop
     vertex  2.187500e-02  2.343750e-02  7.500000e-01
     vertex  1.562500e-02  2.187500e-02  7.500000e-01
     vertex  2.187500e-02  2.187500e-02  7.500000e-01
   endloop
 endfacet
 facet normal  0.000000e+00  0.000000e+00  1.000000e+00
   outer loop
     vertex  2.187500e-02  2.343750e-02  7.500000e-01
     vertex -1.562500e-02  2.343750e-02  7.500000e-01
     vertex  1.562500e-02  2.187500e-02  7.500000e-01
   endloop
 endfacet
 facet normal  0.000000e+00  0.000000e+00  1.000000e+00
   outer loop
     vertex  2.187500e-02  1.562500e-02  7.500000e-01
     vertex  1.562500e-02 -1.562500e-02  7.500000e-01
     vertex  2.187500e-02 -1.562500e-02  7.500000e-01
   endloop
 endfacet
 facet normal  0.000000e+00  0.000000e+00  1.000000e+00
   outer loop
     vertex  2.187500e-02  1.562500e-02  7.500000e-01
     vertex  2.187500e-02 -1.562500e-02  7.500000e-01
     vertex  2.343750e-02 -1.562500e-02  7.500000e-01
   endloop
 endfacet
 facet normal  0.000000e+00  0.000000e+00  1.000000e+00
   outer loop
     vertex  2.187500e-02  1.562500e-02  7.500000e-01
     vertex  1.562500e-02  1.562500e-02  7.500000e-01
     vertex  1.562500e-02 -1.562500e-02  7.500000e-01
   endloop
 endfacet
 facet normal  0.000000e+00  0.000000e+00  1.000000e+00
   outer loop
     vertex  2.343750e-02  2.187500e-02  7.500000e-01
     vertex  2.187500e-02  2.187500e-02  7.500000e-01
     vertex  2.187500e-02  1.562500e-02  7.500000e-01
   endloop
 endfacet
 facet normal  0.000000e+00 -0.000000e+00  1.000000e+00
   outer loop
     vertex  2.343750e-02 -1.562500e-02  7.500000e-01
     vertex  2.343750e-02  2.187500e-02  7.500000e-01
     vertex  2.187500e-02  1.562500e-02  7.500000e-01
   endloop
 endfacet
 facet normal  0.000000e+00 -1.000000e+00  0.000000e+00
   outer loop
     vertex  2.187500e-02 -1.093750e-01  5.625000e-01
     vertex -1.562500e-02 -1.093750e-01  7.500000e-01
     vertex -1.562500e-02 -1.093750e-01  5.625000e-01
   endloop
 endfacet
 facet normal  0.000000e+00 -1.000000e+00  0.000000e+00
   outer loop
     vertex  2.187500e-02 -1.093750e-01  5.625000e-01
     vertex  2.187500e-02 -1.093750e-01  7.500000e-01
     vertex -1.562500e-02 -1.093750e-01  7.500000e-01
   endloop
 endfacet
 facet normal  1.000000e+00  0.000000e+00  0.000000e+00
   outer loop
     vertex  2.187500e-02 -1.562500e-02  5.625000e-01
     vertex  2.187500e-02 -1.093750e-01  7.500000e-01
     vertex  2.187500e-02 -1.093750e-01  5.625000e-01
   endloop
 endfacet
 facet normal  1.000000e+00  0.000000e+00 -0.000000e+00
   outer loop
     vertex  2.187500e-02 -1.562500e-02  5.625000e-01
     vertex  2.187500e-02 -1.562500e-02  7.500000e-01
     vertex  2.187500e-02 -1.093750e-01  7.500000e-01
   endloop
 endfacet
 facet normal -1.000000e+00  0.000000e+00  0.000000e+00
   outer loop
     vertex -1.562500e-02 -1.093750e-01  5.625000e-01
     vertex -1.562500e-02 -1.562500e-02  7.500000e-01
     vertex -1.562500e-02 -1.562500e-02  5.625000e-01
   endloop
 endfacet
 facet normal -1.000000e+00  0.000000e+00  0.000000e+00
   outer loop
     vertex -1.562500e-02 -1.093750e-01  5.625000e-01
     vertex -1.562500e-02 -1.093750e-01  7.500000e-01
     vertex -1.562500e-02 -1.562500e-02  7.500000e-01
   endloop
 endfacet
 facet normal  0.000000e+00 -1.000000e+00  0.000000e+00
   outer loop
     vertex -1.562500e-02 -1.562500e-02  5.625000e-01
     vertex -1.093750e-01 -1.562500e-02  7.500000e-01
     vertex -1.093750e-01 -1.562500e-02  5.625000e-01
   endloop
 endfacet
 facet normal  0.000000e+00 -1.000000e+00  0.000000e+00
   outer loop
     vertex -1.562500e-02 -1.562500e-02  5.625000e-01
     vertex -1.562500e-02 -1.562500e-02  7.500000e-01
     vertex -1.093750e-01 -1.562500e-02  7.500000e-01
   endloop
 endfacet
 facet normal  0.000000e+00  1.000000e+00  0.000000e+00
   outer loop
     vertex -1.093750e-01  2.187500e-02  5.625000e-01
     vertex -1.562500e-02  2.187500e-02  7.500000e-01
     vertex -1.562500e-02  2.187500e-02  5.625000e-01
   endloop
 endfacet
 facet normal  0.000000e+00  1.000000e+00  0.000000e+00
   outer loop
     vertex -1.093750e-01  2.187500e-02  5.625000e-01
     vertex -1.093750e-01  2.187500e-02  7.500000e-01
     vertex -1.562500e-02  2.187500e-02  7.500000e-01
   endloop
 endfacet
 facet normal -1.000000e+00  0.000000e+00  0.000000e+00
   outer loop
     vertex -1.093750e-01 -1.562500e-02  5.625000e-01
     vertex -1.093750e-01  2.187500e-02  7.500000e-01
     vertex -1.093750e-01  2.187500e-02  5.625000e-01
   endloop
 endfacet
 facet normal -1.000000e+00  0.000000e+00  0.000000e+00
   outer loop
     vertex -1.093750e-01 -1.562500e-02  5.625000e-01
     vertex -1.093750e-01 -1.562500e-02  7.500000e-01
     vertex -1.093750e-01  2.187500e-02  7.500000e-01
   endloop
 endfacet
 facet normal -1.000000e+00  0.000000e+00  0.000000e+00
   outer loop
     vertex -1.562500e-02  2.187500e-02  5.625000e-01
     vertex -1.562500e-02  2.343750e-02  7.500000e-01
     vertex -1.562500e-02  2.343750e-02  5.625000e-01
   endloop
 endfacet
 facet normal -1.000000e+00  0.000000e+00  0.000000e+00
   outer loop
     vertex -1.562500e-02  2.187500e-02  5.625000e-01
     vertex -1.562500e-02  2.187500e-02  7.500000e-01
     vertex -1.562500e-02  2.343750e-02  7.500000e-01
   endloop
 endfacet
 facet normal  0.000000e+00  0.000000e+00  1.000000e+00
   outer loop
     vertex  2.187500e-02  1.093750e-01  7.500000e-01
     vertex -1.562500e-02  1.093750e-01  7.500000e-01
     vertex -1.562500e-02  2.343750e-02  7.500000e-01
   endloop
 endfacet
 facet normal  0.000000e+00  0.000000e+00  1.000000e+00
   outer loop
     vertex  2.187500e-02  1.093750e-01  7.500000e-01
     vertex -1.562500e-02  2.343750e-02  7.500000e-01
     vertex  2.187500e-02  2.343750e-02  7.500000e-01
   endloop
 endfacet
 facet normal  0.000000e+00  0.000000e+00  1.000000e+00
   outer loop
     vertex  2.343750e-02  2.343750e-02  7.500000e-01
     vertex  2.187500e-02  2.187500e-02  7.500000e-01
     vertex  2.343750e-02  2.187500e-02  7.500000e-01
   endloop
 endfacet
 facet normal  0.000000e+00  0.000000e+00  1.000000e+00
   outer loop
     vertex  2.343750e-02  2.343750e-02  7.500000e-01
     vertex  2.187500e-02  2.343750e-02  7.500000e-01
     vertex  2.187500e-02  2.187500e-02  7.500000e-01
   endloop
 endfacet
 facet normal  0.000000e+00  0.000000e+00  1.000000e+00
   outer loop
     vertex  2.187500e-02  2.187500e-02  7.500000e-01
     vertex  1.562500e-02  2.187500e-02  7.500000e-01
     vertex  1.562500e-02  1.562500e-02  7.500000e-01
   endloop
 endfacet
 facet normal  0.000000e+00  0.000000e+00  1.000000e+00
   outer loop
     vertex  2.187500e-02  2.187500e-02  7.500000e-01
     vertex  1.562500e-02  1.562500e-02  7.500000e-01
     vertex  2.187500e-02  1.562500e-02  7.500000e-01
   endloop
 endfacet
 facet normal  0.000000e+00  0.000000e+00  1.000000e+00
   outer loop
     vertex  1.093750e-01  2.187500e-02  7.500000e-01
     vertex  2.343750e-02  2.187500e-02  7.500000e-01
     vertex  2.343750e-02 -1.562500e-02  7.500000e-01
   endloop
 endfacet
 facet normal  0.000000e+00  0.000000e+00  1.000000e+00
   outer loop
     vertex  1.093750e-01  2.187500e-02  7.500000e-01
     vertex  2.343750e-02 -1.562500e-02  7.500000e-01
     vertex  1.093750e-01 -1.562500e-02  7.500000e-01
   endloop
 endfacet
 facet normal  0.000000e+00 -1.000000e+00  0.000000e+00
   outer loop
     vertex  2.343750e-02 -1.562500e-02  5.625000e-01
     vertex  2.187500e-02 -1.562500e-02  7.500000e-01
     vertex  2.187500e-02 -1.562500e-02  5.625000e-01
   endloop
 endfacet
 facet normal  0.000000e+00 -1.000000e+00  0.000000e+00
   outer loop
     vertex  2.343750e-02 -1.562500e-02  5.625000e-01
     vertex  2.343750e-02 -1.562500e-02  7.500000e-01
     vertex  2.187500e-02 -1.562500e-02  7.500000e-01
   endloop
 endfacet
 facet normal  0.000000e+00  0.000000e+00  1.000000e+00
   outer loop
     vertex -1.093750e-01 -1.562500e-02  5.625000e-01
     vertex -2.812500e-01 -2.812500e-01  5.625000e-01
     vertex -1.562500e-02 -1.093750e-01  5.625000e-01
   endloop
 endfacet
 facet normal  0.000000e+00  0.000000e+00  1.000000e+00
   outer loop
     vertex -1.562500e-02 -1.562500e-02  5.625000e-01
     vertex -1.093750e-01 -1.562500e-02  5.625000e-01
     vertex -1.562500e-02 -1.093750e-01  5.625000e-01
   endloop
 endfacet
 facet normal  0.000000e+00  0.000000e+00  1.000000e+00
   outer loop
     vertex -2.812500e-01  2.812500e-01  5.625000e-01
     vertex -1.093750e-01 -1.562500e-02  5.625000e-01
     vertex -1.093750e-01  2.187500e-02  5.625000e-01
   endloop
 endfacet
 facet normal  0.000000e+00  0.000000e+00  1.000000e+00
   outer loop
     vertex -2.812500e-01  2.812500e-01  5.625000e-01
     vertex -2.812500e-01 -2.812500e-01  5.625000e-01
     vertex -1.093750e-01 -1.562500e-02  5.625000e-01
   endloop
 endfacet
 facet normal  0.000000e+00  0.000000e+00  1.000000e+00
   outer loop
     vertex  2.812500e-01 -2.812500e-01  5.625000e-01
     vertex  2.187500e-02 -1.093750e-01  5.625000e-01
     vertex -1.562500e-02 -1.093750e-01  5.625000e-01
   endloop
 endfacet
 facet normal  0.000000e+00  0.000000e+00  1.000000e+00
   outer loop
     vertex  2.812500e-01 -2.812500e-01  5.625000e-01
     vertex -1.562500e-02 -1.093750e-01  5.625000e-01
     vertex -2.812500e-01 -2.812500e-01  5.625000e-01
   endloop
 endfacet
 facet normal  0.000000e+00  0.000000e+00  1.000000e+00
   outer loop
     vertex  2.343750e-02 -1.562500e-02  5.625000e-01
     vertex  2.187500e-02 -1.562500e-02  5.625000e-01
     vertex  2.187500e-02 -1.093750e-01  5.625000e-01
   endloop
 endfacet
 facet normal  0.000000e+00  0.000000e+00  1.000000e+00
   outer loop
     vertex -1.562500e-02  2.343750e-02  5.625000e-01
     vertex -1.093750e-01  2.187500e-02  5.625000e-01
     vertex -1.562500e-02  2.187500e-02  5.625000e-01
   endloop
 endfacet
 facet normal  0.000000e+00  0.000000e+00  1.000000e+00
   outer loop
     vertex  1.093750e-01 -1.562500e-02  5.625000e-01
     vertex  2.187500e-02 -1.093750e-01  5.625000e-01
     vertex  2.812500e-01 -2.812500e-01  5.625000e-01
   endloop
 endfacet
 facet normal  0.000000e+00  0.000000e+00  1.000000e+00
   outer loop
     vertex  1.093750e-01 -1.562500e-02  5.625000e-01
     vertex  2.343750e-02 -1.562500e-02  5.625000e-01
     vertex  2.187500e-02 -1.093750e-01  5.625000e-01
   endloop
 endfacet
 facet normal  0.000000e+00  0.000000e+00  1.000000e+00
   outer loop
     vertex -1.562500e-02  1.093750e-01  5.625000e-01
     vertex -2.812500e-01  2.812500e-01  5.625000e-01
     vertex -1.093750e-01  2.187500e-02  5.625000e-01
   endloop
 endfacet
 facet normal  0.000000e+00  0.000000e+00  1.000000e+00
   outer loop
     vertex -1.562500e-02  1.093750e-01  5.625000e-01
     vertex -1.093750e-01  2.187500e-02  5.625000e-01
     vertex -1.562500e-02  2.343750e-02  5.625000e-01
   endloop
 endfacet
 facet normal  0.000000e+00  0.000000e+00  1.000000e+00
   outer loop
     vertex  1.093750e-01  2.187500e-02  5.625000e-01
     vertex  2.343750e-02  2.343750e-02  5.625000e-01
     vertex  2.343750e-02  2.187500e-02  5.625000e-01
   endloop
 endfacet
 facet normal  0.000000e+00  0.000000e+00  1.000000e+00
   outer loop
     vertex  2.187500e-02  1.093750e-01  5.625000e-01
     vertex  2.187500e-02  2.343750e-02  5.625000e-01
     vertex  2.343750e-02  2.343750e-02  5.625000e-01
   endloop
 endfacet
 facet normal  0.000000e+00  0.000000e+00  1.000000e+00
   outer loop
     vertex  2.187500e-02  1.093750e-01  5.625000e-01
     vertex  2.343750e-02  2.343750e-02  5.625000e-01
     vertex  1.093750e-01  2.187500e-02  5.625000e-01
   endloop
 endfacet
 facet normal  0.000000e+00  0.000000e+00  1.000000e+00
   outer loop
     vertex  2.812500e-01  2.812500e-01  5.625000e-01
     vertex -1.562500e-02  1.093750e-01  5.625000e-01
     vertex  2.187500e-02  1.093750e-01  5.625000e-01
   endloop
 endfacet
 facet normal  0.000000e+00  0.000000e+00  1.000000e+00
   outer loop
     vertex  2.812500e-01  2.812500e-01  5.625000e-01
     vertex  1.093750e-01  2.187500e-02  5.625000e-01
     vertex  1.093750e-01 -1.562500e-02  5.625000e-01
   endloop
 endfacet
 facet normal  0.000000e+00  0.000000e+00  1.000000e+00
   outer loop
     vertex  2.812500e-01  2.812500e-01  5.625000e-01
     vertex -2.812500e-01  2.812500e-01  5.625000e-01
     vertex -1.562500e-02  1.093750e-01  5.625000e-01
   endloop
 endfacet
 facet normal  0.000000e+00  0.000000e+00  1.000000e+00
   outer loop
     vertex  2.812500e-01  2.812500e-01  5.625000e-01
     vertex  1.093750e-01 -1.562500e-02  5.625000e-01
     vertex  2.812500e-01 -2.812500e-01  5.625000e-01
   endloop
 endfacet
 facet normal  0.000000e+00  0.000000e+00  1.000000e+00
   outer loop
     vertex  2.812500e-01  2.812500e-01  5.625000e-01
     vertex  2.187500e-02  1.093750e-01  5.625000e-01
     vertex  1.093750e-01  2.187500e-02  5.625000e-01
   endloop
 endfacet
 facet normal -1.000000e+00  0.000000e+00  0.000000e+00
   outer loop
     vertex -1.562500e-02  2.343750e-02  5.625000e-01
     vertex -1.562500e-02  1.093750e-01  7.500000e-01
     vertex -1.562500e-02  1.093750e-01  5.625000e-01
   endloop
 endfacet
 facet normal -1.000000e+00  0.000000e+00  0.000000e+00
   outer loop
     vertex -1.562500e-02  2.343750e-02  5.625000e-01
     vertex -1.562500e-02  2.343750e-02  7.500000e-01
     vertex -1.562500e-02  1.093750e-01  7.500000e-01
   endloop
 endfacet
 facet normal  0.000000e+00  1.000000e+00  0.000000e+00
   outer loop
     vertex -1.562500e-02  1.093750e-01  5.625000e-01
     vertex  2.187500e-02  1.093750e-01  7.500000e-01
     vertex  2.187500e-02  1.093750e-01  5.625000e-01
   endloop
 endfacet
 facet normal  0.000000e+00  1.000000e+00  0.000000e+00
   outer loop
     vertex -1.562500e-02  1.093750e-01  5.625000e-01
     vertex -1.562500e-02  1.093750e-01  7.500000e-01
     vertex  2.187500e-02  1.093750e-01  7.500000e-01
   endloop
 endfacet
 facet normal  1.000000e+00  0.000000e+00  0.000000e+00
   outer loop
     vertex  2.187500e-02  1.093750e-01  5.625000e-01
     vertex  2.187500e-02  2.343750e-02  7.500000e-01
     vertex  2.187500e-02  2.343750e-02  5.625000e-01
   endloop
 endfacet
 facet normal  1.000000e+00  0.000000e+00 -0.000000e+00
   outer loop
     vertex  2.187500e-02  1.093750e-01  5.625000e-01
     vertex  2.187500e-02  1.093750e-01  7.500000e-01
     vertex  2.187500e-02  2.343750e-02  7.500000e-01
   endloop
 endfacet
 facet normal  0.000000e+00  1.000000e+00  0.000000e+00
   outer loop
     vertex  2.187500e-02  2.343750e-02  5.625000e-01
     vertex  2.343750e-02  2.343750e-02  7.500000e-01
     vertex  2.343750e-02  2.343750e-02  5.625000e-01
   endloop
 endfacet
 facet normal  0.000000e+00  1.000000e+00  0.000000e+00
   outer loop
     vertex  2.187500e-02  2.343750e-02  5.625000e-01
     vertex  2.187500e-02  2.343750e-02  7.500000e-01
     vertex  2.343750e-02  2.343750e-02  7.500000e-01
   endloop
 endfacet
 facet normal  1.000000e+00  0.000000e+00  0.000000e+00
   outer loop
     vertex  2.343750e-02  2.343750e-02  5.625000e-01
     vertex  2.343750e-02  2.187500e-02  7.500000e-01
     vertex  2.343750e-02  2.187500e-02  5.625000e-01
   endloop
 endfacet
 facet normal  1.000000e+00  0.000000e+00 -0.000000e+00
   outer loop
     vertex  2.343750e-02  2.343750e-02  5.625000e-01
     vertex  2.343750e-02  2.343750e-02  7.500000e-01
     vertex  2.343750e-02  2.187500e-02  7.500000e-01
   endloop
 endfacet
 facet normal  0.000000e+00  1.000000e+00  0.000000e+00
   outer loop
     vertex  2.343750e-02  2.187500e-02  5.625000e-01
     vertex  1.093750e-01  2.187500e-02  7.500000e-01
     vertex  1.093750e-01  2.187500e-02  5.625000e-01
   endloop
 endfacet
 facet normal  0.000000e+00  1.000000e+00  0.000000e+00
   outer loop
     vertex  2.343750e-02  2.187500e-02  5.625000e-01
     vertex  2.343750e-02  2.187500e-02  7.500000e-01
     vertex  1.093750e-01  2.187500e-02  7.500000e-01
   endloop
 endfacet
 facet normal  1.000000e+00  0.000000e+00  0.000000e+00
   outer loop
     vertex  1.093750e-01  2.187500e-02  5.625000e-01
     vertex  1.093750e-01 -1.562500e-02  7.500000e-01
     vertex  1.093750e-01 -1.562500e-02  5.625000e-01
   endloop
 endfacet
 facet normal  1.000000e+00  0.000000e+00 -0.000000e+00
   outer loop
     vertex  1.093750e-01  2.187500e-02  5.625000e-01
     vertex  1.093750e-01  2.187500e-02  7.500000e-01
     vertex  1.093750e-01 -1.562500e-02  7.500000e-01
   endloop
 endfacet
 facet normal  0.000000e+00 -1.000000e+00  0.000000e+00
   outer loop
     vertex  1.093750e-01 -1.562500e-02  5.625000e-01
     vertex  2.343750e-02 -1.562500e-02  7.500000e-01
     vertex  2.343750e-02 -1.562500e-02  5.625000e-01
   endloop
 endfacet
 facet normal  0.000000e+00 -1.000000e+00  0.000000e+00
   outer loop
     vertex  1.093750e-01 -1.562500e-02  5.625000e-01
     vertex  1.093750e-01 -1.562500e-02  7.500000e-01
     vertex  2.343750e-02 -1.562500e-02  7.500000e-01
   endloop
 endfacet
 facet normal  0.000000e+00 -1.000000e+00  0.000000e+00
   outer loop
     vertex  2.812500e-01 -2.812500e-01  0.000000e+00
     vertex -2.812500e-01 -2.812500e-01  5.625000e-01
     vertex -2.812500e-01 -2.812500e-01  0.000000e+00
   endloop
 endfacet
 facet normal  0.000000e+00 -1.000000e+00  0.000000e+00
   outer loop
     vertex  2.812500e-01 -2.812500e-01  0.000000e+00
     vertex  2.812500e-01 -2.812500e-01  5.625000e-01
     vertex -2.812500e-01 -2.812500e-01  5.625000e-01
   endloop
 endfacet
 facet normal -1.000000e+00  0.000000e+00  0.000000e+00
   outer loop
     vertex -2.812500e-01 -2.812500e-01  0.000000e+00
     vertex -2.812500e-01  2.812500e-01  5.625000e-01
     vertex -2.812500e-01  2.812500e-01  0.000000e+00
   endloop
 endfacet
 facet normal -1.000000e+00  0.000000e+00  0.000000e+00
   outer loop
     vertex -2.812500e-01 -2.812500e-01  0.000000e+00
     vertex -2.812500e-01 -2.812500e-01  5.625000e-01
     vertex -2.812500e-01  2.812500e-01  5.625000e-01
   endloop
 endfacet
 facet normal  1.000000e+00  0.000000e+00  0.000000e+00
   outer loop
     vertex  2.812500e-01  2.812500e-01  0.000000e+00
     vertex  2.812500e-01 -2.812500e-01  5.625000e-01
     vertex  2.812500e-01 -2.812500e-01  0.000000e+00
   endloop
 endfacet
 facet normal  1.000000e+00  0.000000e+00 -0.000000e+00
   outer loop
     vertex  2.812500e-01  2.812500e-01  0.000000e+00
     vertex  2.812500e-01  2.812500e-01  5.625000e-01
     vertex  2.812500e-01 -2.812500e-01  5.625000e-01
   endloop
 endfacet
 facet normal  0.000000e+00  1.000000e+00  0.000000e+00
   outer loop
     vertex -2.812500e-01  2.812500e-01  0.000000e+00
     vertex  2.812500e-01  2.812500e-01  5.625000e-01
     vertex  2.812500e-01  2.812500e-01  0.000000e+00
   endloop
 endfacet
 facet normal  0.000000e+00  1.000000e+00  0.000000e+00
   outer loop
     vertex -2.812500e-01  2.812500e-01  0.000000e+00
     vertex -2.812500e-01  2.812500e-01  5.625000e-01
     vertex  2.812500e-01  2.812500e-01  5.625000e-01
   endloop
 endfacet
 facet normal  0.000000e+00 -0.000000e+00 -1.000000e+00
   outer loop
     vertex  2.812500e-01  2.812500e-01  0.000000e+00
     vertex  2.812500e-01 -2.812500e-01  0.000000e+00
     vertex -2.812500e-01 -2.812500e-01  0.000000e+00
   endloop
 endfacet
 facet normal -0.000000e+00  0.000000e+00 -1.000000e+00
   outer loop
     vertex  2.812500e-01  2.812500e-01  0.000000e+00
     vertex -2.812500e-01 -2.812500e-01  0.000000e+00
     vertex -2.812500e-01  2.812500e-01  0.000000e+00
   endloop
 endfacet
endsolid
