solid 
 facet normal -6.123234e-17 -6.123234e-17 -1.000000e+00
   outer loop
     vertex  7.500000e-01  4.592425e-17 -4.592425e-17
     vertex  4.592425e-17 -7.500000e-01  4.592425e-17
     vertex  0.000000e+00  0.000000e+00  0.000000e+00
   endloop
 endfacet
 facet normal -6.123234e-17 -6.123234e-17 -1.000000e+00
   outer loop
     vertex  7.500000e-01  4.592425e-17 -4.592425e-17
     vertex  7.500000e-01 -7.500000e-01  0.000000e+00
     vertex  4.592425e-17 -7.500000e-01  4.592425e-17
   endloop
 endfacet
 facet normal  1.000000e+00  0.000000e+00  0.000000e+00
   outer loop
     vertex  7.500000e-01  9.184851e-17  7.500000e-01
     vertex  7.500000e-01 -7.500000e-01  0.000000e+00
     vertex  7.500000e-01  4.592425e-17 -4.592425e-17
   endloop
 endfacet
 facet normal  1.000000e+00  0.000000e+00  0.000000e+00
   outer loop
     vertex  7.500000e-01  9.184851e-17  7.500000e-01
     vertex  7.500000e-01 -7.500000e-01  7.500000e-01
     vertex  7.500000e-01 -7.500000e-01  0.000000e+00
   endloop
 endfacet
 facet normal -0.000000e+00  0.000000e+00  1.000000e+00
   outer loop
     vertex  4.592425e-17  4.592425e-17  7.500000e-01
     vertex  7.500000e-01 -7.500000e-01  7.500000e-01
     vertex  7.500000e-01  9.184851e-17  7.500000e-01
   endloop
 endfacet
 facet normal  0.000000e+00  0.000000e+00  1.000000e+00
   outer loop
     vertex  4.592425e-17  4.592425e-17  7.500000e-01
     vertex  9.184851e-17 -7.500000e-01  7.500000e-01
     vertex  7.500000e-01 -7.500000e-01  7.500000e-01
   endloop
 endfacet
 facet normal -1.000000e+00 -6.123234e-17  6.123234e-17
   outer loop
     vertex  0.000000e+00  0.000000e+00  0.000000e+00
     vertex  9.184851e-17 -7.500000e-01  7.500000e-01
     vertex  4.592425e-17  4.592425e-17  7.500000e-01
   endloop
 endfacet
 facet normal -1.000000e+00 -6.123234e-17  6.123234e-17
   outer loop
     vertex  0.000000e+00  0.000000e+00  0.000000e+00
     vertex  4.592425e-17 -7.500000e-01  4.592425e-17
     vertex  9.184851e-17 -7.500000e-01  7.500000e-01
   endloop
 endfacet
 facet normal  2.588190e-01  0.000000e+00  9.659258e-01
   outer loop
     vertex  2.960526e-01  3.254022e-17  2.353695e-01
     vertex  3.789474e-01 -7.500000e-01  2.131579e-01
     vertex  3.789474e-01  3.625599e-17  2.131579e-01
   endloop
 endfacet
 facet normal  2.588190e-01  0.000000e+00  9.659258e-01
   outer loop
     vertex  2.960526e-01  3.254022e-17  2.353695e-01
     vertex  2.960526e-01 -7.500000e-01  2.353695e-01
     vertex  3.789474e-01 -7.500000e-01  2.131579e-01
   endloop
 endfacet
 facet normal  7.071068e-01  0.000000e+00  7.071068e-01
   outer loop
     vertex  2.353695e-01  3.254022e-17  2.960526e-01
     vertex  2.353695e-01 -7.500000e-01  2.960526e-01
     vertex  2.960526e-01 -7.500000e-01  2.353695e-01
   endloop
 endfacet
 facet normal  7.071068e-01  0.000000e+00  7.071068e-01
   outer loop
     vertex  2.353695e-01  3.254022e-17  2.960526e-01
     vertex  2.960526e-01 -7.500000e-01  2.353695e-01
     vertex  2.960526e-01  3.254022e-17  2.353695e-01
   endloop
 endfacet
 facet normal  9.659258e-01  0.000000e+00  2.588190e-01
   outer loop
     vertex  2.131579e-01  3.625599e-17  3.789474e-01
     vertex  2.131579e-01 -7.500000e-01  3.789474e-01
     vertex  2.353695e-01 -7.500000e-01  2.960526e-01
   endloop
 endfacet
 facet normal  9.659258e-01  0.000000e+00  2.588190e-01
   outer loop
     vertex  2.131579e-01  3.625599e-17  3.789474e-01
     vertex  2.353695e-01 -7.500000e-01  2.960526e-01
     vertex  2.353695e-01  3.254022e-17  2.960526e-01
   endloop
 endfacet
 facet normal  9.659258e-01  0.000000e+00 -2.588190e-01
   outer loop
     vertex  2.353695e-01  4.269190e-17  4.618421e-01
     vertex  2.353695e-01 -7.500000e-01  4.618421e-01
     vertex  2.131579e-01 -7.500000e-01  3.789474e-01
   endloop
 endfacet
 facet normal  9.659258e-01  0.000000e+00 -2.588190e-01
   outer loop
     vertex  2.353695e-01  4.269190e-17  4.618421e-01
     vertex  2.131579e-01 -7.500000e-01  3.789474e-01
     vertex  2.131579e-01  3.625599e-17  3.789474e-01
   endloop
 endfacet
 facet normal  7.071068e-01  0.000000e+00 -7.071068e-01
   outer loop
     vertex  2.960526e-01  5.012344e-17  5.225253e-01
     vertex  2.960526e-01 -7.500000e-01  5.225253e-01
     vertex  2.353695e-01 -7.500000e-01  4.618421e-01
   endloop
 endfacet
 facet normal  7.071068e-01  0.000000e+00 -7.071068e-01
   outer loop
     vertex  2.960526e-01  5.012344e-17  5.225253e-01
     vertex  2.353695e-01 -7.500000e-01  4.618421e-01
     vertex  2.353695e-01  4.269190e-17  4.618421e-01
   endloop
 endfacet
 facet normal  2.588190e-01  0.000000e+00 -9.659258e-01
   outer loop
     vertex  3.789474e-01  5.655935e-17  5.447368e-01
     vertex  3.789474e-01 -7.500000e-01  5.447368e-01
     vertex  2.960526e-01 -7.500000e-01  5.225253e-01
   endloop
 endfacet
 facet normal  2.588190e-01  0.000000e+00 -9.659258e-01
   outer loop
     vertex  3.789474e-01  5.655935e-17  5.447368e-01
     vertex  2.960526e-01 -7.500000e-01  5.225253e-01
     vertex  2.960526e-01  5.012344e-17  5.225253e-01
   endloop
 endfacet
 facet normal -2.588190e-01 -0.000000e+00 -9.659258e-01
   outer loop
     vertex  4.618421e-01  6.027512e-17  5.225253e-01
     vertex  4.618421e-01 -7.500000e-01  5.225253e-01
     vertex  3.789474e-01 -7.500000e-01  5.447368e-01
   endloop
 endfacet
 facet normal -2.588190e-01  0.000000e+00 -9.659258e-01
   outer loop
     vertex  4.618421e-01  6.027512e-17  5.225253e-01
     vertex  3.789474e-01 -7.500000e-01  5.447368e-01
     vertex  3.789474e-01  5.655935e-17  5.447368e-01
   endloop
 endfacet
 facet normal -7.071068e-01 -0.000000e+00 -7.071068e-01
   outer loop
     vertex  5.225253e-01  6.027512e-17  4.618421e-01
     vertex  5.225253e-01 -7.500000e-01  4.618421e-01
     vertex  4.618421e-01 -7.500000e-01  5.225253e-01
   endloop
 endfacet
 facet normal -7.071068e-01  0.000000e+00 -7.071068e-01
   outer loop
     vertex  5.225253e-01  6.027512e-17  4.618421e-01
     vertex  4.618421e-01 -7.500000e-01  5.225253e-01
     vertex  4.618421e-01  6.027512e-17  5.225253e-01
   endloop
 endfacet
 facet normal -9.659258e-01  0.000000e+00  2.588190e-01
   outer loop
     vertex  5.447368e-01  5.655935e-17  3.789474e-01
     vertex  5.225253e-01 -7.500000e-01  2.960526e-01
     vertex  5.447368e-01 -7.500000e-01  3.789474e-01
   endloop
 endfacet
 facet normal -9.659258e-01 -0.000000e+00 -2.588190e-01
   outer loop
     vertex  5.447368e-01  5.655935e-17  3.789474e-01
     vertex  5.447368e-01 -7.500000e-01  3.789474e-01
     vertex  5.225253e-01 -7.500000e-01  4.618421e-01
   endloop
 endfacet
 facet normal -9.659258e-01  0.000000e+00 -2.588190e-01
   outer loop
     vertex  5.447368e-01  5.655935e-17  3.789474e-01
     vertex  5.225253e-01 -7.500000e-01  4.618421e-01
     vertex  5.225253e-01  6.027512e-17  4.618421e-01
   endloop
 endfacet
 facet normal -9.659258e-01  0.000000e+00  2.588190e-01
   outer loop
     vertex  5.225253e-01  5.012344e-17  2.960526e-01
     vertex  5.225253e-01 -7.500000e-01  2.960526e-01
     vertex  5.447368e-01  5.655935e-17  3.789474e-01
   endloop
 endfacet
 facet normal -7.071068e-01  0.000000e+00  7.071068e-01
   outer loop
     vertex  4.618421e-01  4.269190e-17  2.353695e-01
     vertex  4.618421e-01 -7.500000e-01  2.353695e-01
     vertex  5.225253e-01 -7.500000e-01  2.960526e-01
   endloop
 endfacet
 facet normal -7.071068e-01  0.000000e+00  7.071068e-01
   outer loop
     vertex  4.618421e-01  4.269190e-17  2.353695e-01
     vertex  5.225253e-01 -7.500000e-01  2.960526e-01
     vertex  5.225253e-01  5.012344e-17  2.960526e-01
   endloop
 endfacet
 facet normal -2.588190e-01  0.000000e+00  9.659258e-01
   outer loop
     vertex  3.789474e-01  3.625599e-17  2.131579e-01
     vertex  3.789474e-01 -7.500000e-01  2.131579e-01
     vertex  4.618421e-01 -7.500000e-01  2.353695e-01
   endloop
 endfacet
 facet normal -2.588190e-01  0.000000e+00  9.659258e-01
   outer loop
     vertex  3.789474e-01  3.625599e-17  2.131579e-01
     vertex  4.618421e-01 -7.500000e-01  2.353695e-01
     vertex  4.618421e-01  4.269190e-17  2.353695e-01
   endloop
 endfacet
 facet normal -6.123234e-17  1.000000e+00 -6.123234e-17
   outer loop
     vertex  2.960526e-01  3.254022e-17  2.353695e-01
     vertex  0.000000e+00  0.000000e+00  0.000000e+00
     vertex  2.353695e-01  3.254022e-17  2.960526e-01
   endloop
 endfacet
 facet normal -6.123234e-17  1.000000e+00 -6.123234e-17
   outer loop
     vertex  2.131579e-01  3.625599e-17  3.789474e-01
     vertex  2.353695e-01  3.254022e-17  2.960526e-01
     vertex  0.000000e+00  0.000000e+00  0.000000e+00
   endloop
 endfacet
 facet normal -6.123234e-17  1.000000e+00 -6.123234e-17
   outer loop
     vertex  3.789474e-01  3.625599e-17  2.131579e-01
     vertex  0.000000e+00  0.000000e+00  0.000000e+00
     vertex  2.960526e-01  3.254022e-17  2.353695e-01
   endloop
 endfacet
 facet normal -6.123234e-17  1.000000e+00 -6.123234e-17
   outer loop
     vertex  4.592425e-17  4.592425e-17  7.500000e-01
     vertex  2.353695e-01  4.269190e-17  4.618421e-01
     vertex  2.131579e-01  3.625599e-17  3.789474e-01
   endloop
 endfacet
 facet normal -6.123234e-17  1.000000e+00 -6.123234e-17
   outer loop
     vertex  4.592425e-17  4.592425e-17  7.500000e-01
     vertex  2.131579e-01  3.625599e-17  3.789474e-01
     vertex  0.000000e+00  0.000000e+00  0.000000e+00
   endloop
 endfacet
 facet normal -6.123234e-17  1.000000e+00 -6.123234e-17
   outer loop
     vertex  7.500000e-01  4.592425e-17 -4.592425e-17
     vertex  3.789474e-01  3.625599e-17  2.131579e-01
     vertex  4.618421e-01  4.269190e-17  2.353695e-01
   endloop
 endfacet
 facet normal -6.123234e-17  1.000000e+00 -6.123234e-17
   outer loop
     vertex  7.500000e-01  4.592425e-17 -4.592425e-17
     vertex  0.000000e+00  0.000000e+00  0.000000e+00
     vertex  3.789474e-01  3.625599e-17  2.131579e-01
   endloop
 endfacet
 facet normal -6.123234e-17  1.000000e+00 -6.123234e-17
   outer loop
     vertex  5.225253e-01  5.012344e-17  2.960526e-01
     vertex  7.500000e-01  4.592425e-17 -4.592425e-17
     vertex  4.618421e-01  4.269190e-17  2.353695e-01
   endloop
 endfacet
 facet normal -6.123234e-17  1.000000e+00 -6.123234e-17
   outer loop
     vertex  2.960526e-01  5.012344e-17  5.225253e-01
     vertex  2.353695e-01  4.269190e-17  4.618421e-01
     vertex  4.592425e-17  4.592425e-17  7.500000e-01
   endloop
 endfacet
 facet normal -6.123234e-17  1.000000e+00 -6.123234e-17
   outer loop
     vertex  5.447368e-01  5.655935e-17  3.789474e-01
     vertex  7.500000e-01  4.592425e-17 -4.592425e-17
     vertex  5.225253e-01  5.012344e-17  2.960526e-01
   endloop
 endfacet
 facet normal -6.123234e-17  1.000000e+00 -6.123234e-17
   outer loop
     vertex  3.789474e-01  5.655935e-17  5.447368e-01
     vertex  2.960526e-01  5.012344e-17  5.225253e-01
     vertex  4.592425e-17  4.592425e-17  7.500000e-01
   endloop
 endfacet
 facet normal -6.123234e-17  1.000000e+00 -6.123234e-17
   outer loop
     vertex  7.500000e-01  9.184851e-17  7.500000e-01
     vertex  5.447368e-01  5.655935e-17  3.789474e-01
     vertex  5.225253e-01  6.027512e-17  4.618421e-01
   endloop
 endfacet
 facet normal -6.123234e-17  1.000000e+00 -6.123234e-17
   outer loop
     vertex  7.500000e-01  9.184851e-17  7.500000e-01
     vertex  5.225253e-01  6.027512e-17  4.618421e-01
     vertex  4.618421e-01  6.027512e-17  5.225253e-01
   endloop
 endfacet
 facet normal -6.123234e-17  1.000000e+00 -6.123234e-17
   outer loop
     vertex  7.500000e-01  9.184851e-17  7.500000e-01
     vertex  4.618421e-01  6.027512e-17  5.225253e-01
     vertex  3.789474e-01  5.655935e-17  5.447368e-01
   endloop
 endfacet
 facet normal -6.123234e-17  1.000000e+00 -6.123234e-17
   outer loop
     vertex  7.500000e-01  9.184851e-17  7.500000e-01
     vertex  7.500000e-01  4.592425e-17 -4.592425e-17
     vertex  5.447368e-01  5.655935e-17  3.789474e-01
   endloop
 endfacet
 facet normal -6.123234e-17  1.000000e+00 -6.123234e-17
   outer loop
     vertex  7.500000e-01  9.184851e-17  7.500000e-01
     vertex  3.789474e-01  5.655935e-17  5.447368e-01
     vertex  4.592425e-17  4.592425e-17  7.500000e-01
   endloop
 endfacet
 facet normal  0.000000e+00 -1.000000e+00 -0.000000e+00
   outer loop
     vertex  2.353695e-01 -7.500000e-01  2.960526e-01
     vertex  4.592425e-17 -7.500000e-01  4.592425e-17
     vertex  2.960526e-01 -7.500000e-01  2.353695e-01
   endloop
 endfacet
 facet normal  0.000000e+00 -1.000000e+00 -0.000000e+00
   outer loop
     vertex  2.131579e-01 -7.500000e-01  3.789474e-01
     vertex  4.592425e-17 -7.500000e-01  4.592425e-17
     vertex  2.353695e-01 -7.500000e-01  2.960526e-01
   endloop
 endfacet
 facet normal -0.000000e+00 -1.000000e+00  0.000000e+00
   outer loop
     vertex  3.789474e-01 -7.500000e-01  2.131579e-01
     vertex  2.960526e-01 -7.500000e-01  2.353695e-01
     vertex  4.592425e-17 -7.500000e-01  4.592425e-17
   endloop
 endfacet
 facet normal  0.000000e+00 -1.000000e+00  0.000000e+00
   outer loop
     vertex  9.184851e-17 -7.500000e-01  7.500000e-01
     vertex  2.131579e-01 -7.500000e-01  3.789474e-01
     vertex  2.353695e-01 -7.500000e-01  4.618421e-01
   endloop
 endfacet
 facet normal  0.000000e+00 -1.000000e+00 -0.000000e+00
   outer loop
     vertex  9.184851e-17 -7.500000e-01  7.500000e-01
     vertex  4.592425e-17 -7.500000e-01  4.592425e-17
     vertex  2.131579e-01 -7.500000e-01  3.789474e-01
   endloop
 endfacet
 facet normal  0.000000e+00 -1.000000e+00  0.000000e+00
   outer loop
     vertex  7.500000e-01 -7.500000e-01  0.000000e+00
     vertex  4.618421e-01 -7.500000e-01  2.353695e-01
     vertex  3.789474e-01 -7.500000e-01  2.131579e-01
   endloop
 endfacet
 facet normal  0.000000e+00 -1.000000e+00  0.000000e+00
   outer loop
     vertex  7.500000e-01 -7.500000e-01  0.000000e+00
     vertex  3.789474e-01 -7.500000e-01  2.131579e-01
     vertex  4.592425e-17 -7.500000e-01  4.592425e-17
   endloop
 endfacet
 facet normal  0.000000e+00 -1.000000e+00 -0.000000e+00
   outer loop
     vertex  5.225253e-01 -7.500000e-01  2.960526e-01
     vertex  4.618421e-01 -7.500000e-01  2.353695e-01
     vertex  7.500000e-01 -7.500000e-01  0.000000e+00
   endloop
 endfacet
 facet normal -0.000000e+00 -1.000000e+00  0.000000e+00
   outer loop
     vertex  2.960526e-01 -7.500000e-01  5.225253e-01
     vertex  9.184851e-17 -7.500000e-01  7.500000e-01
     vertex  2.353695e-01 -7.500000e-01  4.618421e-01
   endloop
 endfacet
 facet normal  0.000000e+00 -1.000000e+00 -0.000000e+00
   outer loop
     vertex  5.447368e-01 -7.500000e-01  3.789474e-01
     vertex  5.225253e-01 -7.500000e-01  2.960526e-01
     vertex  7.500000e-01 -7.500000e-01  0.000000e+00
   endloop
 endfacet
 facet normal -0.000000e+00 -1.000000e+00  0.000000e+00
   outer loop
     vertex  3.789474e-01 -7.500000e-01  5.447368e-01
     vertex  9.184851e-17 -7.500000e-01  7.500000e-01
     vertex  2.960526e-01 -7.500000e-01  5.225253e-01
   endloop
 endfacet
 facet normal  0.000000e+00 -1.000000e+00  0.000000e+00
   outer loop
     vertex  7.500000e-01 -7.500000e-01  7.500000e-01
     vertex  5.225253e-01 -7.500000e-01  4.618421e-01
     vertex  5.447368e-01 -7.500000e-01  3.789474e-01
   endloop
 endfacet
 facet normal  0.000000e+00 -1.000000e+00  0.000000e+00
   outer loop
     vertex  7.500000e-01 -7.500000e-01  7.500000e-01
     vertex  4.618421e-01 -7.500000e-01  5.225253e-01
     vertex  5.225253e-01 -7.500000e-01  4.618421e-01
   endloop
 endfacet
 facet normal  0.000000e+00 -1.000000e+00  0.000000e+00
   outer loop
     vertex  7.500000e-01 -7.500000e-01  7.500000e-01
     vertex  3.789474e-01 -7.500000e-01  5.447368e-01
     vertex  4.618421e-01 -7.500000e-01  5.225253e-01
   endloop
 endfacet
 facet normal  0.000000e+00 -1.000000e+00 -0.000000e+00
   outer loop
     vertex  7.500000e-01 -7.500000e-01  7.500000e-01
     vertex  5.447368e-01 -7.500000e-01  3.789474e-01
     vertex  7.500000e-01 -7.500000e-01  0.000000e+00
   endloop
 endfacet
 facet normal -0.000000e+00 -1.000000e+00  0.000000e+00
   outer loop
     vertex  7.500000e-01 -7.500000e-01  7.500000e-01
     vertex  9.184851e-17 -7.500000e-01  7.500000e-01
     vertex  3.789474e-01 -7.500000e-01  5.447368e-01
   endloop
 endfacet
endsolid
