solid 
 facet normal  0.000000e+00  0.000000e+00 -1.000000e+00
   outer loop
     vertex  4.687500e-01  5.740532e-17 -4.687500e-01
     vertex -4.687500e-01 -7.500000e-01 -4.687500e-01
     vertex -4.687500e-01  0.000000e+00 -4.687500e-01
   endloop
 endfacet
 facet normal  0.000000e+00 -0.000000e+00 -1.000000e+00
   outer loop
     vertex  4.687500e-01  5.740532e-17 -4.687500e-01
     vertex  4.687500e-01 -7.500000e-01 -4.687500e-01
     vertex -4.687500e-01 -7.500000e-01 -4.687500e-01
   endloop
 endfacet
 facet normal  1.000000e+00  0.000000e+00  0.000000e+00
   outer loop
     vertex  4.687500e-01  1.148106e-16  4.687500e-01
     vertex  4.687500e-01 -7.500000e-01 -4.687500e-01
     vertex  4.687500e-01  5.740532e-17 -4.687500e-01
   endloop
 endfacet
 facet normal  1.000000e+00  0.000000e+00  0.000000e+00
   outer loop
     vertex  4.687500e-01  1.148106e-16  4.687500e-01
     vertex  4.687500e-01 -7.500000e-01  4.687500e-01
     vertex  4.687500e-01 -7.500000e-01 -4.687500e-01
   endloop
 endfacet
 facet normal -0.000000e+00  0.000000e+00  1.000000e+00
   outer loop
     vertex -4.687500e-01  5.740532e-17  4.687500e-01
     vertex  4.687500e-01 -7.500000e-01  4.687500e-01
     vertex  4.687500e-01  1.148106e-16  4.687500e-01
   endloop
 endfacet
 facet normal  0.000000e+00  0.000000e+00  1.000000e+00
   outer loop
     vertex -4.687500e-01  5.740532e-17  4.687500e-01
     vertex -4.687500e-01 -7.500000e-01  4.687500e-01
     vertex  4.687500e-01 -7.500000e-01  4.687500e-01
   endloop
 endfacet
 facet normal -1.000000e+00  0.000000e+00  0.000000e+00
   outer loop
     vertex -4.687500e-01  0.000000e+00 -4.687500e-01
     vertex -4.687500e-01 -7.500000e-01  4.687500e-01
     vertex -4.687500e-01  5.740532e-17  4.687500e-01
   endloop
 endfacet
 facet normal -1.000000e+00  0.000000e+00  0.000000e+00
   outer loop
     vertex -4.687500e-01  0.000000e+00 -4.687500e-01
     vertex -4.687500e-01 -7.500000e-01 -4.687500e-01
     vertex -4.687500e-01 -7.500000e-01  4.687500e-01
   endloop
 endfacet
 facet normal  0.000000e+00  0.000000e+00  1.000000e+00
   outer loop
     vertex  2.319079e-01  5.740532e-17 -2.319079e-01
     vertex -2.319079e-01  2.900479e-17 -2.319079e-01
     vertex -2.319079e-01 -7.500000e-01 -2.319079e-01
   endloop
 endfacet
 facet normal  0.000000e+00  0.000000e+00  1.000000e+00
   outer loop
     vertex  2.319079e-01  5.740532e-17 -2.319079e-01
     vertex -2.319079e-01 -7.500000e-01 -2.319079e-01
     vertex  2.319079e-01 -7.500000e-01 -2.319079e-01
   endloop
 endfacet
 facet normal -1.000000e+00  0.000000e+00  0.000000e+00
   outer loop
     vertex  2.319079e-01  8.580584e-17  2.319079e-01
     vertex  2.319079e-01  5.740532e-17 -2.319079e-01
     vertex  2.319079e-01 -7.500000e-01 -2.319079e-01
   endloop
 endfacet
 facet normal -1.000000e+00 -0.000000e+00  0.000000e+00
   outer loop
     vertex  2.319079e-01  8.580584e-17  2.319079e-01
     vertex  2.319079e-01 -7.500000e-01 -2.319079e-01
     vertex  2.319079e-01 -7.500000e-01  2.319079e-01
   endloop
 endfacet
 facet normal  0.000000e+00  0.000000e+00 -1.000000e+00
   outer loop
     vertex -2.319079e-01  5.740532e-17  2.319079e-01
     vertex  2.319079e-01  8.580584e-17  2.319079e-01
     vertex  2.319079e-01 -7.500000e-01  2.319079e-01
   endloop
 endfacet
 facet normal  0.000000e+00  0.000000e+00 -1.000000e+00
   outer loop
     vertex -2.319079e-01  5.740532e-17  2.319079e-01
     vertex  2.319079e-01 -7.500000e-01  2.319079e-01
     vertex -2.319079e-01 -7.500000e-01  2.319079e-01
   endloop
 endfacet
 facet normal  1.000000e+00  0.000000e+00 -0.000000e+00
   outer loop
     vertex -2.319079e-01  2.900479e-17 -2.319079e-01
     vertex -2.319079e-01  5.740532e-17  2.319079e-01
     vertex -2.319079e-01 -7.500000e-01  2.319079e-01
   endloop
 endfacet
 facet normal  1.000000e+00  0.000000e+00  0.000000e+00
   outer loop
     vertex -2.319079e-01  2.900479e-17 -2.319079e-01
     vertex -2.319079e-01 -7.500000e-01  2.319079e-01
     vertex -2.319079e-01 -7.500000e-01 -2.319079e-01
   endloop
 endfacet
 facet normal -6.123234e-17  1.000000e+00 -6.123234e-17
   outer loop
     vertex  4.687500e-01  5.740532e-17 -4.687500e-01
     vertex -2.319079e-01  2.900479e-17 -2.319079e-01
     vertex  2.319079e-01  5.740532e-17 -2.319079e-01
   endloop
 endfacet
 facet normal -6.123234e-17  1.000000e+00 -6.123234e-17
   outer loop
     vertex  4.687500e-01  5.740532e-17 -4.687500e-01
     vertex -4.687500e-01  0.000000e+00 -4.687500e-01
     vertex -2.319079e-01  2.900479e-17 -2.319079e-01
   endloop
 endfacet
 facet normal -6.123234e-17  1.000000e+00 -6.123234e-17
   outer loop
     vertex -4.687500e-01  5.740532e-17  4.687500e-01
     vertex -2.319079e-01  5.740532e-17  2.319079e-01
     vertex -2.319079e-01  2.900479e-17 -2.319079e-01
   endloop
 endfacet
 facet normal -6.123234e-17  1.000000e+00 -6.123234e-17
   outer loop
     vertex -4.687500e-01  5.740532e-17  4.687500e-01
     vertex -2.319079e-01  2.900479e-17 -2.319079e-01
     vertex -4.687500e-01  0.000000e+00 -4.687500e-01
   endloop
 endfacet
 facet normal -6.123234e-17  1.000000e+00 -6.123234e-17
   outer loop
     vertex  4.687500e-01  1.148106e-16  4.687500e-01
     vertex  2.319079e-01  8.580584e-17  2.319079e-01
     vertex -2.319079e-01  5.740532e-17  2.319079e-01
   endloop
 endfacet
 facet normal -6.123234e-17  1.000000e+00 -6.123234e-17
   outer loop
     vertex  4.687500e-01  1.148106e-16  4.687500e-01
     vertex  2.319079e-01  5.740532e-17 -2.319079e-01
     vertex  2.319079e-01  8.580584e-17  2.319079e-01
   endloop
 endfacet
 facet normal -6.123234e-17  1.000000e+00 -6.123234e-17
   outer loop
     vertex  4.687500e-01  1.148106e-16  4.687500e-01
     vertex  4.687500e-01  5.740532e-17 -4.687500e-01
     vertex  2.319079e-01  5.740532e-17 -2.319079e-01
   endloop
 endfacet
 facet normal -6.123234e-17  1.000000e+00 -6.123234e-17
   outer loop
     vertex  4.687500e-01  1.148106e-16  4.687500e-01
     vertex -2.319079e-01  5.740532e-17  2.319079e-01
     vertex -4.687500e-01  5.740532e-17  4.687500e-01
   endloop
 endfacet
 facet normal  0.000000e+00 -1.000000e+00  0.000000e+00
   outer loop
     vertex  4.687500e-01 -7.500000e-01 -4.687500e-01
     vertex  2.319079e-01 -7.500000e-01 -2.319079e-01
     vertex -2.319079e-01 -7.500000e-01 -2.319079e-01
   endloop
 endfacet
 facet normal  0.000000e+00 -1.000000e+00  0.000000e+00
   outer loop
     vertex  4.687500e-01 -7.500000e-01 -4.687500e-01
     vertex -2.319079e-01 -7.500000e-01 -2.319079e-01
     vertex -4.687500e-01 -7.500000e-01 -4.687500e-01
   endloop
 endfacet
 facet normal  0.000000e+00 -1.000000e+00  0.000000e+00
   outer loop
     vertex -4.687500e-01 -7.500000e-01  4.687500e-01
     vertex -2.319079e-01 -7.500000e-01 -2.319079e-01
     vertex -2.319079e-01 -7.500000e-01  2.319079e-01
   endloop
 endfacet
 facet normal  0.000000e+00 -1.000000e+00  0.000000e+00
   outer loop
     vertex -4.687500e-01 -7.500000e-01  4.687500e-01
     vertex -4.687500e-01 -7.500000e-01 -4.687500e-01
     vertex -2.319079e-01 -7.500000e-01 -2.319079e-01
   endloop
 endfacet
 facet normal  0.000000e+00 -1.000000e+00  0.000000e+00
   outer loop
     vertex  4.687500e-01 -7.500000e-01  4.687500e-01
     vertex -2.319079e-01 -7.500000e-01  2.319079e-01
     vertex  2.319079e-01 -7.500000e-01  2.319079e-01
   endloop
 endfacet
 facet normal  0.000000e+00 -1.000000e+00  0.000000e+00
   outer loop
     vertex  4.687500e-01 -7.500000e-01  4.687500e-01
     vertex  2.319079e-01 -7.500000e-01  2.319079e-01
     vertex  2.319079e-01 -7.500000e-01 -2.319079e-01
   endloop
 endfacet
 facet normal  0.000000e+00 -1.000000e+00 -0.000000e+00
   outer loop
     vertex  4.687500e-01 -7.500000e-01  4.687500e-01
     vertex  2.319079e-01 -7.500000e-01 -2.319079e-01
     vertex  4.687500e-01 -7.500000e-01 -4.687500e-01
   endloop
 endfacet
 facet normal -0.000000e+00 -1.000000e+00  0.000000e+00
   outer loop
     vertex  4.687500e-01 -7.500000e-01  4.687500e-01
     vertex -4.687500e-01 -7.500000e-01  4.687500e-01
     vertex -2.319079e-01 -7.500000e-01  2.319079e-01
   endloop
 endfacet
endsolid
