solid 
 facet normal -0.000000e+00  0.000000e+00 -1.000000e+00
   outer loop
     vertex  7.500000e-01  9.184851e-17 -7.500000e-01
     vertex -7.500000e-01  0.000000e+00 -7.500000e-01
     vertex -7.500000e-01  3.125000e-02 -7.500000e-01
   endloop
 endfacet
 facet normal  0.000000e+00  0.000000e+00 -1.000000e+00
   outer loop
     vertex  7.500000e-01  9.184851e-17 -7.500000e-01
     vertex -7.500000e-01  3.125000e-02 -7.500000e-01
     vertex  7.500000e-01  3.125000e-02 -7.500000e-01
   endloop
 endfacet
 facet normal -1.000000e+00  0.000000e+00  0.000000e+00
   outer loop
     vertex -7.500000e-01  0.000000e+00 -7.500000e-01
     vertex -7.500000e-01  9.184851e-17  7.500000e-01
     vertex -7.500000e-01  3.125000e-02  7.500000e-01
   endloop
 endfacet
 facet normal -1.000000e+00  0.000000e+00  0.000000e+00
   outer loop
     vertex -7.500000e-01  0.000000e+00 -7.500000e-01
     vertex -7.500000e-01  3.125000e-02  7.500000e-01
     vertex -7.500000e-01  3.125000e-02 -7.500000e-01
   endloop
 endfacet
 facet normal  1.000000e+00  0.000000e+00  0.000000e+00
   outer loop
     vertex  7.500000e-01  1.836970e-16  7.500000e-01
     vertex  7.500000e-01  9.184851e-17 -7.500000e-01
     vertex  7.500000e-01  3.125000e-02 -7.500000e-01
   endloop
 endfacet
 facet normal  1.000000e+00 -0.000000e+00  0.000000e+00
   outer loop
     vertex  7.500000e-01  1.836970e-16  7.500000e-01
     vertex  7.500000e-01  3.125000e-02 -7.500000e-01
     vertex  7.500000e-01  3.125000e-02  7.500000e-01
   endloop
 endfacet
 facet normal  6.123234e-17 -1.000000e+00 -6.123234e-17
   outer loop
     vertex  6.562500e-01  8.036745e-17 -6.562500e-01
     vertex -7.500000e-01  0.000000e+00 -7.500000e-01
     vertex  7.500000e-01  9.184851e-17 -7.500000e-01
   endloop
 endfacet
 facet normal  6.123234e-17 -1.000000e+00 -6.123234e-17
   outer loop
     vertex  6.562500e-01  8.036745e-17 -6.562500e-01
     vertex -6.562500e-01  0.000000e+00 -6.562500e-01
     vertex -7.500000e-01  0.000000e+00 -7.500000e-01
   endloop
 endfacet
 facet normal -6.123234e-17 -1.000000e+00  6.123234e-17
   outer loop
     vertex -6.562500e-01  8.036745e-17  6.562500e-01
     vertex -7.500000e-01  9.184851e-17  7.500000e-01
     vertex -7.500000e-01  0.000000e+00 -7.500000e-01
   endloop
 endfacet
 facet normal -6.123234e-17 -1.000000e+00  6.123234e-17
   outer loop
     vertex -6.562500e-01  8.036745e-17  6.562500e-01
     vertex -7.500000e-01  0.000000e+00 -7.500000e-01
     vertex -6.562500e-01  0.000000e+00 -6.562500e-01
   endloop
 endfacet
 facet normal  1.836970e-16 -1.000000e+00  6.123234e-17
   outer loop
     vertex  7.500000e-01  1.836970e-16  7.500000e-01
     vertex  6.562500e-01  1.607349e-16  6.562500e-01
     vertex  6.562500e-01  8.036745e-17 -6.562500e-01
   endloop
 endfacet
 facet normal  1.836970e-16 -1.000000e+00  6.123234e-17
   outer loop
     vertex  7.500000e-01  1.836970e-16  7.500000e-01
     vertex  6.562500e-01  8.036745e-17 -6.562500e-01
     vertex  7.500000e-01  9.184851e-17 -7.500000e-01
   endloop
 endfacet
 facet normal  6.123234e-17 -1.000000e+00  1.836970e-16
   outer loop
     vertex  7.500000e-01  1.836970e-16  7.500000e-01
     vertex -7.500000e-01  9.184851e-17  7.500000e-01
     vertex -6.562500e-01  8.036745e-17  6.562500e-01
   endloop
 endfacet
 facet normal  6.123234e-17 -1.000000e+00  1.836970e-16
   outer loop
     vertex  7.500000e-01  1.836970e-16  7.500000e-01
     vertex -6.562500e-01  8.036745e-17  6.562500e-01
     vertex  6.562500e-01  1.607349e-16  6.562500e-01
   endloop
 endfacet
 facet normal  0.000000e+00  1.000000e+00  0.000000e+00
   outer loop
     vertex -7.500000e-01  3.125000e-02  7.500000e-01
     vertex -6.562500e-01  3.125000e-02  6.562500e-01
     vertex -6.562500e-01  3.125000e-02 -6.562500e-01
   endloop
 endfacet
 facet normal  0.000000e+00  1.000000e+00  0.000000e+00
   outer loop
     vertex -7.500000e-01  3.125000e-02  7.500000e-01
     vertex -6.562500e-01  3.125000e-02 -6.562500e-01
     vertex -7.500000e-01  3.125000e-02 -7.500000e-01
   endloop
 endfacet
 facet normal  0.000000e+00  1.000000e+00  0.000000e+00
   outer loop
     vertex  6.562500e-01  3.125000e-02 -6.562500e-01
     vertex  7.500000e-01  3.125000e-02 -7.500000e-01
     vertex -7.500000e-01  3.125000e-02 -7.500000e-01
   endloop
 endfacet
 facet normal  0.000000e+00  1.000000e+00  0.000000e+00
   outer loop
     vertex  6.562500e-01  3.125000e-02 -6.562500e-01
     vertex -7.500000e-01  3.125000e-02 -7.500000e-01
     vertex -6.562500e-01  3.125000e-02 -6.562500e-01
   endloop
 endfacet
 facet normal  0.000000e+00  1.000000e+00  0.000000e+00
   outer loop
     vertex  7.500000e-01  3.125000e-02  7.500000e-01
     vertex  6.562500e-01  3.125000e-02 -6.562500e-01
     vertex  6.562500e-01  3.125000e-02  6.562500e-01
   endloop
 endfacet
 facet normal  0.000000e+00  1.000000e+00  0.000000e+00
   outer loop
     vertex  7.500000e-01  3.125000e-02  7.500000e-01
     vertex  7.500000e-01  3.125000e-02 -7.500000e-01
     vertex  6.562500e-01  3.125000e-02 -6.562500e-01
   endloop
 endfacet
 facet normal  0.000000e+00  1.000000e+00  0.000000e+00
   outer loop
     vertex  7.500000e-01  3.125000e-02  7.500000e-01
     vertex -6.562500e-01  3.125000e-02  6.562500e-01
     vertex -7.500000e-01  3.125000e-02  7.500000e-01
   endloop
 endfacet
 facet normal  0.000000e+00  1.000000e+00  0.000000e+00
   outer loop
     vertex  7.500000e-01  3.125000e-02  7.500000e-01
     vertex  6.562500e-01  3.125000e-02  6.562500e-01
     vertex -6.562500e-01  3.125000e-02  6.562500e-01
   endloop
 endfacet
 facet normal  0.000000e+00  0.000000e+00  1.000000e+00
   outer loop
     vertex -7.500000e-01  9.184851e-17  7.500000e-01
     vertex  7.500000e-01  1.836970e-16  7.500000e-01
     vertex  7.500000e-01  3.125000e-02  7.500000e-01
   endloop
 endfacet
 facet normal  0.000000e+00  0.000000e+00  1.000000e+00
   outer loop
     vertex -7.500000e-01  9.184851e-17  7.500000e-01
     vertex  7.500000e-01  3.125000e-02  7.500000e-01
     vertex -7.500000e-01  3.125000e-02  7.500000e-01
   endloop
 endfacet
 facet normal  6.123234e-17 -1.000000e+00  1.169538e-14
   outer loop
     vertex  6.552632e-01  9.184851e-17 -6.552632e-01
     vertex -6.562500e-01  0.000000e+00 -6.562500e-01
     vertex  6.562500e-01  8.036745e-17 -6.562500e-01
   endloop
 endfacet
 facet normal  6.123234e-17 -1.000000e+00  1.169538e-14
   outer loop
     vertex  6.552632e-01  9.184851e-17 -6.552632e-01
     vertex -6.552632e-01  1.160192e-17 -6.552632e-01
     vertex -6.562500e-01  0.000000e+00 -6.562500e-01
   endloop
 endfacet
 facet normal  1.169538e-14 -1.000000e+00  6.123234e-17
   outer loop
     vertex -6.552632e-01  9.184851e-17  6.552632e-01
     vertex -6.562500e-01  8.036745e-17  6.562500e-01
     vertex -6.562500e-01  0.000000e+00 -6.562500e-01
   endloop
 endfacet
 facet normal  1.169538e-14 -1.000000e+00  6.123234e-17
   outer loop
     vertex -6.552632e-01  9.184851e-17  6.552632e-01
     vertex -6.562500e-01  0.000000e+00 -6.562500e-01
     vertex -6.552632e-01  1.160192e-17 -6.552632e-01
   endloop
 endfacet
 facet normal -1.157291e-14 -1.000000e+00  6.123234e-17
   outer loop
     vertex  6.562500e-01  1.607349e-16  6.562500e-01
     vertex  6.552632e-01  1.720951e-16  6.552632e-01
     vertex  6.552632e-01  9.184851e-17 -6.552632e-01
   endloop
 endfacet
 facet normal -1.157291e-14 -1.000000e+00  6.123234e-17
   outer loop
     vertex  6.562500e-01  1.607349e-16  6.562500e-01
     vertex  6.552632e-01  9.184851e-17 -6.552632e-01
     vertex  6.562500e-01  8.036745e-17 -6.562500e-01
   endloop
 endfacet
 facet normal  6.123234e-17 -1.000000e+00 -1.157291e-14
   outer loop
     vertex  6.562500e-01  1.607349e-16  6.562500e-01
     vertex -6.562500e-01  8.036745e-17  6.562500e-01
     vertex  6.552632e-01  1.720951e-16  6.552632e-01
   endloop
 endfacet
 facet normal  6.123234e-17 -1.000000e+00 -1.157291e-14
   outer loop
     vertex  6.552632e-01  1.720951e-16  6.552632e-01
     vertex -6.562500e-01  8.036745e-17  6.562500e-01
     vertex -6.552632e-01  9.184851e-17  6.552632e-01
   endloop
 endfacet
 facet normal  1.000000e+00  0.000000e+00  0.000000e+00
   outer loop
     vertex  6.562500e-01  3.125000e-02  6.562500e-01
     vertex  6.562500e-01  3.125000e-02 -6.562500e-01
     vertex  6.562500e-01  6.562500e-01 -6.562500e-01
   endloop
 endfacet
 facet normal  1.000000e+00 -0.000000e+00  0.000000e+00
   outer loop
     vertex  6.562500e-01  3.125000e-02  6.562500e-01
     vertex  6.562500e-01  6.562500e-01 -6.562500e-01
     vertex  6.562500e-01  6.562500e-01  6.562500e-01
   endloop
 endfacet
 facet normal  0.000000e+00  0.000000e+00  1.000000e+00
   outer loop
     vertex -6.562500e-01  3.125000e-02  6.562500e-01
     vertex  6.562500e-01  3.125000e-02  6.562500e-01
     vertex  6.562500e-01  6.562500e-01  6.562500e-01
   endloop
 endfacet
 facet normal  0.000000e+00  0.000000e+00  1.000000e+00
   outer loop
     vertex -6.562500e-01  3.125000e-02  6.562500e-01
     vertex  6.562500e-01  6.562500e-01  6.562500e-01
     vertex -6.562500e-01  6.562500e-01  6.562500e-01
   endloop
 endfacet
 facet normal -1.000000e+00  0.000000e+00  0.000000e+00
   outer loop
     vertex -6.562500e-01  3.125000e-02 -6.562500e-01
     vertex -6.562500e-01  3.125000e-02  6.562500e-01
     vertex -6.562500e-01  6.562500e-01  6.562500e-01
   endloop
 endfacet
 facet normal -1.000000e+00  0.000000e+00  0.000000e+00
   outer loop
     vertex -6.562500e-01  3.125000e-02 -6.562500e-01
     vertex -6.562500e-01  6.562500e-01  6.562500e-01
     vertex -6.562500e-01  6.562500e-01 -6.562500e-01
   endloop
 endfacet
 facet normal  0.000000e+00  0.000000e+00 -1.000000e+00
   outer loop
     vertex  6.562500e-01  3.125000e-02 -6.562500e-01
     vertex -6.562500e-01  3.125000e-02 -6.562500e-01
     vertex -6.562500e-01  6.562500e-01 -6.562500e-01
   endloop
 endfacet
 facet normal  0.000000e+00  0.000000e+00 -1.000000e+00
   outer loop
     vertex  6.562500e-01  3.125000e-02 -6.562500e-01
     vertex -6.562500e-01  6.562500e-01 -6.562500e-01
     vertex  6.562500e-01  6.562500e-01 -6.562500e-01
   endloop
 endfacet
 facet normal -4.446000e-16 -1.000000e+00  6.123234e-17
   outer loop
     vertex -6.250000e-01  7.654042e-17  6.250000e-01
     vertex -6.552632e-01  9.184851e-17  6.552632e-01
     vertex -6.552632e-01  1.160192e-17 -6.552632e-01
   endloop
 endfacet
 facet normal -4.446000e-16 -1.000000e+00  6.123234e-17
   outer loop
     vertex -6.250000e-01  7.654042e-17  6.250000e-01
     vertex -6.552632e-01  1.160192e-17 -6.552632e-01
     vertex -6.250000e-01  0.000000e+00 -6.250000e-01
   endloop
 endfacet
 facet normal  6.123234e-17 -1.000000e+00 -4.446000e-16
   outer loop
     vertex  6.250000e-01  7.654042e-17 -6.250000e-01
     vertex -6.552632e-01  1.160192e-17 -6.552632e-01
     vertex  6.552632e-01  9.184851e-17 -6.552632e-01
   endloop
 endfacet
 facet normal  6.123234e-17 -1.000000e+00 -4.446000e-16
   outer loop
     vertex  6.250000e-01  7.654042e-17 -6.250000e-01
     vertex -6.250000e-01  0.000000e+00 -6.250000e-01
     vertex -6.552632e-01  1.160192e-17 -6.552632e-01
   endloop
 endfacet
 facet normal  5.670647e-16 -1.000000e+00  6.123234e-17
   outer loop
     vertex  6.552632e-01  1.720951e-16  6.552632e-01
     vertex  6.250000e-01  1.530808e-16  6.250000e-01
     vertex  6.250000e-01  7.654042e-17 -6.250000e-01
   endloop
 endfacet
 facet normal  5.670647e-16 -1.000000e+00  6.123234e-17
   outer loop
     vertex  6.552632e-01  1.720951e-16  6.552632e-01
     vertex  6.250000e-01  7.654042e-17 -6.250000e-01
     vertex  6.552632e-01  9.184851e-17 -6.552632e-01
   endloop
 endfacet
 facet normal  6.123234e-17 -1.000000e+00  5.670647e-16
   outer loop
     vertex  6.552632e-01  1.720951e-16  6.552632e-01
     vertex -6.552632e-01  9.184851e-17  6.552632e-01
     vertex -6.250000e-01  7.654042e-17  6.250000e-01
   endloop
 endfacet
 facet normal  6.123234e-17 -1.000000e+00  5.670647e-16
   outer loop
     vertex  6.552632e-01  1.720951e-16  6.552632e-01
     vertex -6.250000e-01  7.654042e-17  6.250000e-01
     vertex  6.250000e-01  1.530808e-16  6.250000e-01
   endloop
 endfacet
 facet normal  0.000000e+00  1.000000e+00  0.000000e+00
   outer loop
     vertex -6.562500e-01  6.562500e-01  6.562500e-01
     vertex -2.343750e-01  6.562500e-01  2.343750e-01
     vertex -2.343750e-01  6.562500e-01 -2.343750e-01
   endloop
 endfacet
 facet normal  0.000000e+00  1.000000e+00  0.000000e+00
   outer loop
     vertex -6.562500e-01  6.562500e-01  6.562500e-01
     vertex -2.343750e-01  6.562500e-01 -2.343750e-01
     vertex -6.562500e-01  6.562500e-01 -6.562500e-01
   endloop
 endfacet
 facet normal  0.000000e+00  1.000000e+00  0.000000e+00
   outer loop
     vertex  2.343750e-01  6.562500e-01 -2.343750e-01
     vertex  6.562500e-01  6.562500e-01 -6.562500e-01
     vertex -6.562500e-01  6.562500e-01 -6.562500e-01
   endloop
 endfacet
 facet normal  0.000000e+00  1.000000e+00  0.000000e+00
   outer loop
     vertex  2.343750e-01  6.562500e-01 -2.343750e-01
     vertex -6.562500e-01  6.562500e-01 -6.562500e-01
     vertex -2.343750e-01  6.562500e-01 -2.343750e-01
   endloop
 endfacet
 facet normal  0.000000e+00  1.000000e+00  0.000000e+00
   outer loop
     vertex  6.562500e-01  6.562500e-01  6.562500e-01
     vertex  2.343750e-01  6.562500e-01 -2.343750e-01
     vertex  2.343750e-01  6.562500e-01  2.343750e-01
   endloop
 endfacet
 facet normal  0.000000e+00  1.000000e+00  0.000000e+00
   outer loop
     vertex  6.562500e-01  6.562500e-01  6.562500e-01
     vertex  2.343750e-01  6.562500e-01  2.343750e-01
     vertex -2.343750e-01  6.562500e-01  2.343750e-01
   endloop
 endfacet
 facet normal  0.000000e+00  1.000000e+00  0.000000e+00
   outer loop
     vertex  6.562500e-01  6.562500e-01  6.562500e-01
     vertex  6.562500e-01  6.562500e-01 -6.562500e-01
     vertex  2.343750e-01  6.562500e-01 -2.343750e-01
   endloop
 endfacet
 facet normal  0.000000e+00  1.000000e+00  0.000000e+00
   outer loop
     vertex  6.562500e-01  6.562500e-01  6.562500e-01
     vertex -2.343750e-01  6.562500e-01  2.343750e-01
     vertex -6.562500e-01  6.562500e-01  6.562500e-01
   endloop
 endfacet
 facet normal  0.000000e+00  0.000000e+00  1.000000e+00
   outer loop
     vertex  6.250000e-01  7.654042e-17 -6.250000e-01
     vertex -6.250000e-01  6.250000e-01 -6.250000e-01
     vertex -6.250000e-01  0.000000e+00 -6.250000e-01
   endloop
 endfacet
 facet normal  0.000000e+00 -0.000000e+00  1.000000e+00
   outer loop
     vertex  6.250000e-01  7.654042e-17 -6.250000e-01
     vertex  6.250000e-01  6.250000e-01 -6.250000e-01
     vertex -6.250000e-01  6.250000e-01 -6.250000e-01
   endloop
 endfacet
 facet normal  1.000000e+00  0.000000e+00  0.000000e+00
   outer loop
     vertex -6.250000e-01  0.000000e+00 -6.250000e-01
     vertex -6.250000e-01  6.250000e-01  6.250000e-01
     vertex -6.250000e-01  7.654042e-17  6.250000e-01
   endloop
 endfacet
 facet normal  1.000000e+00  0.000000e+00  0.000000e+00
   outer loop
     vertex -6.250000e-01  0.000000e+00 -6.250000e-01
     vertex -6.250000e-01  6.250000e-01 -6.250000e-01
     vertex -6.250000e-01  6.250000e-01  6.250000e-01
   endloop
 endfacet
 facet normal -1.000000e+00  0.000000e+00 -0.000000e+00
   outer loop
     vertex  6.250000e-01  1.530808e-16  6.250000e-01
     vertex  6.250000e-01  6.250000e-01 -6.250000e-01
     vertex  6.250000e-01  7.654042e-17 -6.250000e-01
   endloop
 endfacet
 facet normal -1.000000e+00  0.000000e+00  0.000000e+00
   outer loop
     vertex  6.250000e-01  1.530808e-16  6.250000e-01
     vertex  6.250000e-01  6.250000e-01  6.250000e-01
     vertex  6.250000e-01  6.250000e-01 -6.250000e-01
   endloop
 endfacet
 facet normal  0.000000e+00  0.000000e+00 -1.000000e+00
   outer loop
     vertex -6.250000e-01  7.654042e-17  6.250000e-01
     vertex  6.250000e-01  6.250000e-01  6.250000e-01
     vertex  6.250000e-01  1.530808e-16  6.250000e-01
   endloop
 endfacet
 facet normal  0.000000e+00  0.000000e+00 -1.000000e+00
   outer loop
     vertex -6.250000e-01  7.654042e-17  6.250000e-01
     vertex -6.250000e-01  6.250000e-01  6.250000e-01
     vertex  6.250000e-01  6.250000e-01  6.250000e-01
   endloop
 endfacet
 facet normal  1.000000e+00  0.000000e+00  0.000000e+00
   outer loop
     vertex  2.343750e-01  6.562500e-01 -2.343750e-01
     vertex  2.343750e-01  6.875000e-01  2.343750e-01
     vertex  2.343750e-01  6.562500e-01  2.343750e-01
   endloop
 endfacet
 facet normal  1.000000e+00  0.000000e+00  0.000000e+00
   outer loop
     vertex  2.343750e-01  6.562500e-01 -2.343750e-01
     vertex  2.343750e-01  6.875000e-01 -2.343750e-01
     vertex  2.343750e-01  6.875000e-01  2.343750e-01
   endloop
 endfacet
 facet normal  0.000000e+00  0.000000e+00  1.000000e+00
   outer loop
     vertex  2.343750e-01  6.562500e-01  2.343750e-01
     vertex -2.343750e-01  6.875000e-01  2.343750e-01
     vertex -2.343750e-01  6.562500e-01  2.343750e-01
   endloop
 endfacet
 facet normal  0.000000e+00 -0.000000e+00  1.000000e+00
   outer loop
     vertex  2.343750e-01  6.562500e-01  2.343750e-01
     vertex  2.343750e-01  6.875000e-01  2.343750e-01
     vertex -2.343750e-01  6.875000e-01  2.343750e-01
   endloop
 endfacet
 facet normal -1.000000e+00  0.000000e+00  0.000000e+00
   outer loop
     vertex -2.343750e-01  6.562500e-01  2.343750e-01
     vertex -2.343750e-01  6.875000e-01 -2.343750e-01
     vertex -2.343750e-01  6.562500e-01 -2.343750e-01
   endloop
 endfacet
 facet normal -1.000000e+00  0.000000e+00  0.000000e+00
   outer loop
     vertex -2.343750e-01  6.562500e-01  2.343750e-01
     vertex -2.343750e-01  6.875000e-01  2.343750e-01
     vertex -2.343750e-01  6.875000e-01 -2.343750e-01
   endloop
 endfacet
 facet normal  0.000000e+00  0.000000e+00 -1.000000e+00
   outer loop
     vertex -2.343750e-01  6.562500e-01 -2.343750e-01
     vertex  2.343750e-01  6.875000e-01 -2.343750e-01
     vertex  2.343750e-01  6.562500e-01 -2.343750e-01
   endloop
 endfacet
 facet normal  0.000000e+00  0.000000e+00 -1.000000e+00
   outer loop
     vertex -2.343750e-01  6.562500e-01 -2.343750e-01
     vertex -2.343750e-01  6.875000e-01 -2.343750e-01
     vertex  2.343750e-01  6.875000e-01 -2.343750e-01
   endloop
 endfacet
 facet normal  0.000000e+00 -1.000000e+00 -0.000000e+00
   outer loop
     vertex  6.250000e-01  6.250000e-01  6.250000e-01
     vertex -6.250000e-01  6.250000e-01 -6.250000e-01
     vertex  6.250000e-01  6.250000e-01 -6.250000e-01
   endloop
 endfacet
 facet normal -0.000000e+00 -1.000000e+00  0.000000e+00
   outer loop
     vertex  6.250000e-01  6.250000e-01  6.250000e-01
     vertex -6.250000e-01  6.250000e-01  6.250000e-01
     vertex -6.250000e-01  6.250000e-01 -6.250000e-01
   endloop
 endfacet
 facet normal  0.000000e+00  1.000000e+00  0.000000e+00
   outer loop
     vertex -2.343750e-01  6.875000e-01  2.343750e-01
     vertex  2.343750e-01  6.875000e-01 -2.343750e-01
     vertex -2.343750e-01  6.875000e-01 -2.343750e-01
   endloop
 endfacet
 facet normal -0.000000e+00  1.000000e+00  0.000000e+00
   outer loop
     vertex -2.343750e-01  6.875000e-01  2.343750e-01
     vertex  2.343750e-01  6.875000e-01  2.343750e-01
     vertex  2.343750e-01  6.875000e-01 -2.343750e-01
   endloop
 endfacet
endsolid
