solid 
 facet normal  0.000000e+00  0.000000e+00 -1.000000e+00
   outer loop
     vertex  9.375000e-02  1.148106e-17 -9.375000e-02
     vertex -9.375000e-02 -7.500000e-01 -9.375000e-02
     vertex -9.375000e-02  0.000000e+00 -9.375000e-02
   endloop
 endfacet
 facet normal  0.000000e+00 -0.000000e+00 -1.000000e+00
   outer loop
     vertex  9.375000e-02  1.148106e-17 -9.375000e-02
     vertex  9.375000e-02 -7.500000e-01 -9.375000e-02
     vertex -9.375000e-02 -7.500000e-01 -9.375000e-02
   endloop
 endfacet
 facet normal -1.000000e+00  0.000000e+00  0.000000e+00
   outer loop
     vertex -9.375000e-02  0.000000e+00 -9.375000e-02
     vertex -9.375000e-02 -7.500000e-01  9.375000e-02
     vertex -9.375000e-02  1.148106e-17  9.375000e-02
   endloop
 endfacet
 facet normal -1.000000e+00  0.000000e+00  0.000000e+00
   outer loop
     vertex -9.375000e-02  0.000000e+00 -9.375000e-02
     vertex -9.375000e-02 -7.500000e-01 -9.375000e-02
     vertex -9.375000e-02 -7.500000e-01  9.375000e-02
   endloop
 endfacet
 facet normal  1.000000e+00  0.000000e+00  0.000000e+00
   outer loop
     vertex  9.375000e-02  2.296213e-17  9.375000e-02
     vertex  9.375000e-02 -7.500000e-01 -9.375000e-02
     vertex  9.375000e-02  1.148106e-17 -9.375000e-02
   endloop
 endfacet
 facet normal  1.000000e+00  0.000000e+00  0.000000e+00
   outer loop
     vertex  9.375000e-02  2.296213e-17  9.375000e-02
     vertex  9.375000e-02 -7.500000e-01  9.375000e-02
     vertex  9.375000e-02 -7.500000e-01 -9.375000e-02
   endloop
 endfacet
 facet normal -0.000000e+00  0.000000e+00 -1.000000e+00
   outer loop
     vertex  9.375000e-02  1.148106e-17 -9.375000e-02
     vertex -9.375000e-02  0.000000e+00 -9.375000e-02
     vertex -9.375000e-02  7.500000e-01 -9.375000e-02
   endloop
 endfacet
 facet normal  0.000000e+00  0.000000e+00 -1.000000e+00
   outer loop
     vertex  9.375000e-02  1.148106e-17 -9.375000e-02
     vertex -9.375000e-02  7.500000e-01 -9.375000e-02
     vertex  9.375000e-02  7.500000e-01 -9.375000e-02
   endloop
 endfacet
 facet normal  0.000000e+00 -1.000000e+00  0.000000e+00
   outer loop
     vertex  9.375000e-02 -7.500000e-01 -9.375000e-02
     vertex  7.993421e-02 -7.500000e-01 -7.993421e-02
     vertex -7.993421e-02 -7.500000e-01 -7.993421e-02
   endloop
 endfacet
 facet normal  0.000000e+00 -1.000000e+00  0.000000e+00
   outer loop
     vertex  9.375000e-02 -7.500000e-01 -9.375000e-02
     vertex -7.993421e-02 -7.500000e-01 -7.993421e-02
     vertex -9.375000e-02 -7.500000e-01 -9.375000e-02
   endloop
 endfacet
 facet normal  0.000000e+00 -1.000000e+00  0.000000e+00
   outer loop
     vertex -9.375000e-02 -7.500000e-01  9.375000e-02
     vertex -7.993421e-02 -7.500000e-01 -7.993421e-02
     vertex -7.993421e-02 -7.500000e-01  7.993421e-02
   endloop
 endfacet
 facet normal  0.000000e+00 -1.000000e+00  0.000000e+00
   outer loop
     vertex -9.375000e-02 -7.500000e-01  9.375000e-02
     vertex -9.375000e-02 -7.500000e-01 -9.375000e-02
     vertex -7.993421e-02 -7.500000e-01 -7.993421e-02
   endloop
 endfacet
 facet normal  0.000000e+00 -1.000000e+00  0.000000e+00
   outer loop
     vertex  9.375000e-02 -7.500000e-01  9.375000e-02
     vertex  7.993421e-02 -7.500000e-01  7.993421e-02
     vertex  7.993421e-02 -7.500000e-01 -7.993421e-02
   endloop
 endfacet
 facet normal  0.000000e+00 -1.000000e+00 -0.000000e+00
   outer loop
     vertex  9.375000e-02 -7.500000e-01  9.375000e-02
     vertex  7.993421e-02 -7.500000e-01 -7.993421e-02
     vertex  9.375000e-02 -7.500000e-01 -9.375000e-02
   endloop
 endfacet
 facet normal -0.000000e+00 -1.000000e+00  0.000000e+00
   outer loop
     vertex  9.375000e-02 -7.500000e-01  9.375000e-02
     vertex -9.375000e-02 -7.500000e-01  9.375000e-02
     vertex -7.993421e-02 -7.500000e-01  7.993421e-02
   endloop
 endfacet
 facet normal  0.000000e+00 -1.000000e+00  0.000000e+00
   outer loop
     vertex  9.375000e-02 -7.500000e-01  9.375000e-02
     vertex -7.993421e-02 -7.500000e-01  7.993421e-02
     vertex  7.993421e-02 -7.500000e-01  7.993421e-02
   endloop
 endfacet
 facet normal -0.000000e+00  0.000000e+00  1.000000e+00
   outer loop
     vertex -9.375000e-02  1.148106e-17  9.375000e-02
     vertex  9.375000e-02 -7.500000e-01  9.375000e-02
     vertex  9.375000e-02  2.296213e-17  9.375000e-02
   endloop
 endfacet
 facet normal  0.000000e+00  0.000000e+00  1.000000e+00
   outer loop
     vertex -9.375000e-02  1.148106e-17  9.375000e-02
     vertex -9.375000e-02 -7.500000e-01  9.375000e-02
     vertex  9.375000e-02 -7.500000e-01  9.375000e-02
   endloop
 endfacet
 facet normal -1.000000e+00  0.000000e+00  0.000000e+00
   outer loop
     vertex -9.375000e-02  0.000000e+00 -9.375000e-02
     vertex -9.375000e-02  1.148106e-17  9.375000e-02
     vertex -9.375000e-02  7.500000e-01  9.375000e-02
   endloop
 endfacet
 facet normal -1.000000e+00  0.000000e+00  0.000000e+00
   outer loop
     vertex -9.375000e-02  0.000000e+00 -9.375000e-02
     vertex -9.375000e-02  7.500000e-01  9.375000e-02
     vertex -9.375000e-02  7.500000e-01 -9.375000e-02
   endloop
 endfacet
 facet normal  1.000000e+00  0.000000e+00  0.000000e+00
   outer loop
     vertex  9.375000e-02  2.296213e-17  9.375000e-02
     vertex  9.375000e-02  1.148106e-17 -9.375000e-02
     vertex  9.375000e-02  7.500000e-01 -9.375000e-02
   endloop
 endfacet
 facet normal  1.000000e+00 -0.000000e+00  0.000000e+00
   outer loop
     vertex  9.375000e-02  2.296213e-17  9.375000e-02
     vertex  9.375000e-02  7.500000e-01 -9.375000e-02
     vertex  9.375000e-02  7.500000e-01  9.375000e-02
   endloop
 endfacet
 facet normal  0.000000e+00  1.000000e+00  0.000000e+00
   outer loop
     vertex  9.375000e-02  7.500000e-01 -9.375000e-02
     vertex -7.993421e-02  7.500000e-01 -7.993421e-02
     vertex  7.993421e-02  7.500000e-01 -7.993421e-02
   endloop
 endfacet
 facet normal  0.000000e+00  1.000000e+00  0.000000e+00
   outer loop
     vertex  9.375000e-02  7.500000e-01 -9.375000e-02
     vertex -9.375000e-02  7.500000e-01 -9.375000e-02
     vertex -7.993421e-02  7.500000e-01 -7.993421e-02
   endloop
 endfacet
 facet normal  0.000000e+00  1.000000e+00  0.000000e+00
   outer loop
     vertex -9.375000e-02  7.500000e-01  9.375000e-02
     vertex -7.993421e-02  7.500000e-01  7.993421e-02
     vertex -7.993421e-02  7.500000e-01 -7.993421e-02
   endloop
 endfacet
 facet normal  0.000000e+00  1.000000e+00  0.000000e+00
   outer loop
     vertex -9.375000e-02  7.500000e-01  9.375000e-02
     vertex -7.993421e-02  7.500000e-01 -7.993421e-02
     vertex -9.375000e-02  7.500000e-01 -9.375000e-02
   endloop
 endfacet
 facet normal  0.000000e+00  1.000000e+00  0.000000e+00
   outer loop
     vertex  9.375000e-02  7.500000e-01  9.375000e-02
     vertex  7.993421e-02  7.500000e-01 -7.993421e-02
     vertex  7.993421e-02  7.500000e-01  7.993421e-02
   endloop
 endfacet
 facet normal  0.000000e+00  1.000000e+00  0.000000e+00
   outer loop
     vertex  9.375000e-02  7.500000e-01  9.375000e-02
     vertex  9.375000e-02  7.500000e-01 -9.375000e-02
     vertex  7.993421e-02  7.500000e-01 -7.993421e-02
   endloop
 endfacet
 facet normal  0.000000e+00  1.000000e+00  0.000000e+00
   outer loop
     vertex  9.375000e-02  7.500000e-01  9.375000e-02
     vertex -7.993421e-02  7.500000e-01  7.993421e-02
     vertex -9.375000e-02  7.500000e-01  9.375000e-02
   endloop
 endfacet
 facet normal  0.000000e+00  1.000000e+00  0.000000e+00
   outer loop
     vertex  9.375000e-02  7.500000e-01  9.375000e-02
     vertex  7.993421e-02  7.500000e-01  7.993421e-02
     vertex -7.993421e-02  7.500000e-01  7.993421e-02
   endloop
 endfacet
 facet normal  0.000000e+00  0.000000e+00  1.000000e+00
   outer loop
     vertex  7.993421e-02  1.148106e-17 -7.993421e-02
     vertex -7.993421e-02  1.691946e-18 -7.993421e-02
     vertex -7.993421e-02 -7.500000e-01 -7.993421e-02
   endloop
 endfacet
 facet normal  0.000000e+00  0.000000e+00  1.000000e+00
   outer loop
     vertex  7.993421e-02  1.148106e-17 -7.993421e-02
     vertex -7.993421e-02 -7.500000e-01 -7.993421e-02
     vertex  7.993421e-02 -7.500000e-01 -7.993421e-02
   endloop
 endfacet
 facet normal -1.000000e+00  0.000000e+00  0.000000e+00
   outer loop
     vertex  7.993421e-02  2.127018e-17  7.993421e-02
     vertex  7.993421e-02  1.148106e-17 -7.993421e-02
     vertex  7.993421e-02 -7.500000e-01 -7.993421e-02
   endloop
 endfacet
 facet normal -1.000000e+00 -0.000000e+00  0.000000e+00
   outer loop
     vertex  7.993421e-02  2.127018e-17  7.993421e-02
     vertex  7.993421e-02 -7.500000e-01 -7.993421e-02
     vertex  7.993421e-02 -7.500000e-01  7.993421e-02
   endloop
 endfacet
 facet normal  0.000000e+00  0.000000e+00 -1.000000e+00
   outer loop
     vertex -7.993421e-02  1.148106e-17  7.993421e-02
     vertex  7.993421e-02  2.127018e-17  7.993421e-02
     vertex  7.993421e-02 -7.500000e-01  7.993421e-02
   endloop
 endfacet
 facet normal  0.000000e+00  0.000000e+00 -1.000000e+00
   outer loop
     vertex -7.993421e-02  1.148106e-17  7.993421e-02
     vertex  7.993421e-02 -7.500000e-01  7.993421e-02
     vertex -7.993421e-02 -7.500000e-01  7.993421e-02
   endloop
 endfacet
 facet normal  1.000000e+00  0.000000e+00 -0.000000e+00
   outer loop
     vertex -7.993421e-02  1.691946e-18 -7.993421e-02
     vertex -7.993421e-02  1.148106e-17  7.993421e-02
     vertex -7.993421e-02 -7.500000e-01  7.993421e-02
   endloop
 endfacet
 facet normal  1.000000e+00  0.000000e+00  0.000000e+00
   outer loop
     vertex -7.993421e-02  1.691946e-18 -7.993421e-02
     vertex -7.993421e-02 -7.500000e-01  7.993421e-02
     vertex -7.993421e-02 -7.500000e-01 -7.993421e-02
   endloop
 endfacet
 facet normal  0.000000e+00  0.000000e+00  1.000000e+00
   outer loop
     vertex -9.375000e-02  1.148106e-17  9.375000e-02
     vertex  9.375000e-02  2.296213e-17  9.375000e-02
     vertex  9.375000e-02  7.500000e-01  9.375000e-02
   endloop
 endfacet
 facet normal  0.000000e+00  0.000000e+00  1.000000e+00
   outer loop
     vertex -9.375000e-02  1.148106e-17  9.375000e-02
     vertex  9.375000e-02  7.500000e-01  9.375000e-02
     vertex -9.375000e-02  7.500000e-01  9.375000e-02
   endloop
 endfacet
 facet normal  0.000000e+00  0.000000e+00  1.000000e+00
   outer loop
     vertex  7.993421e-02  1.148106e-17 -7.993421e-02
     vertex -7.993421e-02  7.500000e-01 -7.993421e-02
     vertex -7.993421e-02  1.691946e-18 -7.993421e-02
   endloop
 endfacet
 facet normal  0.000000e+00 -0.000000e+00  1.000000e+00
   outer loop
     vertex  7.993421e-02  1.148106e-17 -7.993421e-02
     vertex  7.993421e-02  7.500000e-01 -7.993421e-02
     vertex -7.993421e-02  7.500000e-01 -7.993421e-02
   endloop
 endfacet
 facet normal -1.000000e+00  0.000000e+00 -0.000000e+00
   outer loop
     vertex  7.993421e-02  2.127018e-17  7.993421e-02
     vertex  7.993421e-02  7.500000e-01 -7.993421e-02
     vertex  7.993421e-02  1.148106e-17 -7.993421e-02
   endloop
 endfacet
 facet normal -1.000000e+00  0.000000e+00  0.000000e+00
   outer loop
     vertex  7.993421e-02  2.127018e-17  7.993421e-02
     vertex  7.993421e-02  7.500000e-01  7.993421e-02
     vertex  7.993421e-02  7.500000e-01 -7.993421e-02
   endloop
 endfacet
 facet normal  0.000000e+00  0.000000e+00 -1.000000e+00
   outer loop
     vertex -7.993421e-02  1.148106e-17  7.993421e-02
     vertex  7.993421e-02  7.500000e-01  7.993421e-02
     vertex  7.993421e-02  2.127018e-17  7.993421e-02
   endloop
 endfacet
 facet normal  0.000000e+00  0.000000e+00 -1.000000e+00
   outer loop
     vertex -7.993421e-02  1.148106e-17  7.993421e-02
     vertex -7.993421e-02  7.500000e-01  7.993421e-02
     vertex  7.993421e-02  7.500000e-01  7.993421e-02
   endloop
 endfacet
 facet normal  1.000000e+00  0.000000e+00  0.000000e+00
   outer loop
     vertex -7.993421e-02  1.691946e-18 -7.993421e-02
     vertex -7.993421e-02  7.500000e-01  7.993421e-02
     vertex -7.993421e-02  1.148106e-17  7.993421e-02
   endloop
 endfacet
 facet normal  1.000000e+00  0.000000e+00  0.000000e+00
   outer loop
     vertex -7.993421e-02  1.691946e-18 -7.993421e-02
     vertex -7.993421e-02  7.500000e-01 -7.993421e-02
     vertex -7.993421e-02  7.500000e-01  7.993421e-02
   endloop
 endfacet
endsolid
