solid 
 facet normal  0.000000e+00  0.000000e+00 -1.000000e+00
   outer loop
     vertex  7.812500e-02  1.004593e-17 -8.593750e-02
     vertex -8.593750e-02 -7.500000e-01 -8.593750e-02
     vertex -8.593750e-02  0.000000e+00 -8.593750e-02
   endloop
 endfacet
 facet normal  0.000000e+00 -0.000000e+00 -1.000000e+00
   outer loop
     vertex  7.812500e-02  1.004593e-17 -8.593750e-02
     vertex  7.812500e-02 -7.500000e-01 -8.593750e-02
     vertex -8.593750e-02 -7.500000e-01 -8.593750e-02
   endloop
 endfacet
 facet normal  1.000000e+00  0.000000e+00  0.000000e+00
   outer loop
     vertex  7.812500e-02  2.009186e-17  7.812500e-02
     vertex  7.812500e-02 -7.500000e-01 -8.593750e-02
     vertex  7.812500e-02  1.004593e-17 -8.593750e-02
   endloop
 endfacet
 facet normal  1.000000e+00  0.000000e+00  0.000000e+00
   outer loop
     vertex  7.812500e-02  2.009186e-17  7.812500e-02
     vertex  7.812500e-02 -7.500000e-01  7.812500e-02
     vertex  7.812500e-02 -7.500000e-01 -8.593750e-02
   endloop
 endfacet
 facet normal -0.000000e+00  0.000000e+00  1.000000e+00
   outer loop
     vertex -8.593750e-02  1.004593e-17  7.812500e-02
     vertex  7.812500e-02 -7.500000e-01  7.812500e-02
     vertex  7.812500e-02  2.009186e-17  7.812500e-02
   endloop
 endfacet
 facet normal  0.000000e+00  0.000000e+00  1.000000e+00
   outer loop
     vertex -8.593750e-02  1.004593e-17  7.812500e-02
     vertex -8.593750e-02 -7.500000e-01  7.812500e-02
     vertex  7.812500e-02 -7.500000e-01  7.812500e-02
   endloop
 endfacet
 facet normal -1.000000e+00  0.000000e+00  0.000000e+00
   outer loop
     vertex -8.593750e-02  0.000000e+00 -8.593750e-02
     vertex -8.593750e-02 -7.500000e-01  7.812500e-02
     vertex -8.593750e-02  1.004593e-17  7.812500e-02
   endloop
 endfacet
 facet normal -1.000000e+00  0.000000e+00  0.000000e+00
   outer loop
     vertex -8.593750e-02  0.000000e+00 -8.593750e-02
     vertex -8.593750e-02 -7.500000e-01 -8.593750e-02
     vertex -8.593750e-02 -7.500000e-01  7.812500e-02
   endloop
 endfacet
 facet normal  0.000000e+00  0.000000e+00  1.000000e+00
   outer loop
     vertex  6.949013e-02  1.004593e-17 -7.730263e-02
     vertex -7.730263e-02  1.057466e-18 -7.730263e-02
     vertex -7.730263e-02 -7.500000e-01 -7.730263e-02
   endloop
 endfacet
 facet normal  0.000000e+00  0.000000e+00  1.000000e+00
   outer loop
     vertex  6.949013e-02  1.004593e-17 -7.730263e-02
     vertex -7.730263e-02 -7.500000e-01 -7.730263e-02
     vertex  6.949013e-02 -7.500000e-01 -7.730263e-02
   endloop
 endfacet
 facet normal -1.000000e+00  0.000000e+00  0.000000e+00
   outer loop
     vertex  6.949013e-02  1.903440e-17  6.949013e-02
     vertex  6.949013e-02  1.004593e-17 -7.730263e-02
     vertex  6.949013e-02 -7.500000e-01 -7.730263e-02
   endloop
 endfacet
 facet normal -1.000000e+00 -0.000000e+00  0.000000e+00
   outer loop
     vertex  6.949013e-02  1.903440e-17  6.949013e-02
     vertex  6.949013e-02 -7.500000e-01 -7.730263e-02
     vertex  6.949013e-02 -7.500000e-01  6.949013e-02
   endloop
 endfacet
 facet normal  0.000000e+00  0.000000e+00 -1.000000e+00
   outer loop
     vertex -7.730263e-02  1.004593e-17  6.949013e-02
     vertex  6.949013e-02  1.903440e-17  6.949013e-02
     vertex  6.949013e-02 -7.500000e-01  6.949013e-02
   endloop
 endfacet
 facet normal  0.000000e+00  0.000000e+00 -1.000000e+00
   outer loop
     vertex -7.730263e-02  1.004593e-17  6.949013e-02
     vertex  6.949013e-02 -7.500000e-01  6.949013e-02
     vertex -7.730263e-02 -7.500000e-01  6.949013e-02
   endloop
 endfacet
 facet normal  1.000000e+00  0.000000e+00 -0.000000e+00
   outer loop
     vertex -7.730263e-02  1.057466e-18 -7.730263e-02
     vertex -7.730263e-02  1.004593e-17  6.949013e-02
     vertex -7.730263e-02 -7.500000e-01  6.949013e-02
   endloop
 endfacet
 facet normal  1.000000e+00  0.000000e+00  0.000000e+00
   outer loop
     vertex -7.730263e-02  1.057466e-18 -7.730263e-02
     vertex -7.730263e-02 -7.500000e-01  6.949013e-02
     vertex -7.730263e-02 -7.500000e-01 -7.730263e-02
   endloop
 endfacet
 facet normal -6.123234e-17  1.000000e+00 -6.123234e-17
   outer loop
     vertex  6.949013e-02  1.004593e-17 -7.730263e-02
     vertex  7.812500e-02  1.004593e-17 -8.593750e-02
     vertex -8.593750e-02  0.000000e+00 -8.593750e-02
   endloop
 endfacet
 facet normal -6.123234e-17  1.000000e+00 -6.123234e-17
   outer loop
     vertex  6.949013e-02  1.004593e-17 -7.730263e-02
     vertex -8.593750e-02  0.000000e+00 -8.593750e-02
     vertex -7.730263e-02  1.057466e-18 -7.730263e-02
   endloop
 endfacet
 facet normal -6.123234e-17  1.000000e+00 -6.123234e-17
   outer loop
     vertex -7.730263e-02  1.004593e-17  6.949013e-02
     vertex -8.593750e-02  0.000000e+00 -8.593750e-02
     vertex -8.593750e-02  1.004593e-17  7.812500e-02
   endloop
 endfacet
 facet normal -6.123234e-17  1.000000e+00 -6.123234e-17
   outer loop
     vertex -7.730263e-02  1.004593e-17  6.949013e-02
     vertex -7.730263e-02  1.057466e-18 -7.730263e-02
     vertex -8.593750e-02  0.000000e+00 -8.593750e-02
   endloop
 endfacet
 facet normal -6.123234e-17  1.000000e+00 -6.123234e-17
   outer loop
     vertex  7.812500e-02  2.009186e-17  7.812500e-02
     vertex  6.949013e-02  1.004593e-17 -7.730263e-02
     vertex  6.949013e-02  1.903440e-17  6.949013e-02
   endloop
 endfacet
 facet normal -6.123234e-17  1.000000e+00 -6.123234e-17
   outer loop
     vertex  7.812500e-02  2.009186e-17  7.812500e-02
     vertex  7.812500e-02  1.004593e-17 -8.593750e-02
     vertex  6.949013e-02  1.004593e-17 -7.730263e-02
   endloop
 endfacet
 facet normal -6.123234e-17  1.000000e+00 -6.123234e-17
   outer loop
     vertex  7.812500e-02  2.009186e-17  7.812500e-02
     vertex -7.730263e-02  1.004593e-17  6.949013e-02
     vertex -8.593750e-02  1.004593e-17  7.812500e-02
   endloop
 endfacet
 facet normal -6.123234e-17  1.000000e+00 -6.123234e-17
   outer loop
     vertex  7.812500e-02  2.009186e-17  7.812500e-02
     vertex  6.949013e-02  1.903440e-17  6.949013e-02
     vertex -7.730263e-02  1.004593e-17  6.949013e-02
   endloop
 endfacet
 facet normal  0.000000e+00 -1.000000e+00 -0.000000e+00
   outer loop
     vertex  6.949013e-02 -7.500000e-01 -7.730263e-02
     vertex -8.593750e-02 -7.500000e-01 -8.593750e-02
     vertex  7.812500e-02 -7.500000e-01 -8.593750e-02
   endloop
 endfacet
 facet normal -0.000000e+00 -1.000000e+00  0.000000e+00
   outer loop
     vertex  6.949013e-02 -7.500000e-01 -7.730263e-02
     vertex -7.730263e-02 -7.500000e-01 -7.730263e-02
     vertex -8.593750e-02 -7.500000e-01 -8.593750e-02
   endloop
 endfacet
 facet normal -0.000000e+00 -1.000000e+00  0.000000e+00
   outer loop
     vertex -7.730263e-02 -7.500000e-01  6.949013e-02
     vertex -8.593750e-02 -7.500000e-01  7.812500e-02
     vertex -8.593750e-02 -7.500000e-01 -8.593750e-02
   endloop
 endfacet
 facet normal  0.000000e+00 -1.000000e+00 -0.000000e+00
   outer loop
     vertex -7.730263e-02 -7.500000e-01  6.949013e-02
     vertex -8.593750e-02 -7.500000e-01 -8.593750e-02
     vertex -7.730263e-02 -7.500000e-01 -7.730263e-02
   endloop
 endfacet
 facet normal  0.000000e+00 -1.000000e+00  0.000000e+00
   outer loop
     vertex  7.812500e-02 -7.500000e-01  7.812500e-02
     vertex  6.949013e-02 -7.500000e-01  6.949013e-02
     vertex  6.949013e-02 -7.500000e-01 -7.730263e-02
   endloop
 endfacet
 facet normal  0.000000e+00 -1.000000e+00 -0.000000e+00
   outer loop
     vertex  7.812500e-02 -7.500000e-01  7.812500e-02
     vertex  6.949013e-02 -7.500000e-01 -7.730263e-02
     vertex  7.812500e-02 -7.500000e-01 -8.593750e-02
   endloop
 endfacet
 facet normal -0.000000e+00 -1.000000e+00  0.000000e+00
   outer loop
     vertex  7.812500e-02 -7.500000e-01  7.812500e-02
     vertex -8.593750e-02 -7.500000e-01  7.812500e-02
     vertex -7.730263e-02 -7.500000e-01  6.949013e-02
   endloop
 endfacet
 facet normal  0.000000e+00 -1.000000e+00  0.000000e+00
   outer loop
     vertex  7.812500e-02 -7.500000e-01  7.812500e-02
     vertex -7.730263e-02 -7.500000e-01  6.949013e-02
     vertex  6.949013e-02 -7.500000e-01  6.949013e-02
   endloop
 endfacet
endsolid
