solid 
 facet normal -6.123234e-17 -6.123234e-17 -1.000000e+00
   outer loop
     vertex  2.656250e-01  1.626484e-17 -1.626484e-17
     vertex  4.592425e-17 -7.500000e-01  4.592425e-17
     vertex  0.000000e+00  0.000000e+00  0.000000e+00
   endloop
 endfacet
 facet normal -6.123234e-17 -6.123234e-17 -1.000000e+00
   outer loop
     vertex  2.656250e-01  1.626484e-17 -1.626484e-17
     vertex  2.656250e-01 -7.500000e-01  2.965941e-17
     vertex  4.592425e-17 -7.500000e-01  4.592425e-17
   endloop
 endfacet
 facet normal  1.564345e-01  6.957891e-18  9.876883e-01
   outer loop
     vertex  8.208264e-02  2.049489e-17  2.526244e-01
     vertex  2.092781e-17  1.626484e-17  2.656250e-01
     vertex  6.685206e-17 -7.500000e-01  2.656250e-01
   endloop
 endfacet
 facet normal  1.564345e-01  8.178748e-17  9.876883e-01
   outer loop
     vertex  8.208264e-02  2.049489e-17  2.526244e-01
     vertex  6.685206e-17 -7.500000e-01  2.656250e-01
     vertex  8.208264e-02 -7.500000e-01  2.526244e-01
   endloop
 endfacet
 facet normal  4.539905e-01  9.954978e-17  8.910065e-01
   outer loop
     vertex  1.561305e-01  2.271877e-17  2.148951e-01
     vertex  8.208264e-02 -7.500000e-01  2.526244e-01
     vertex  1.561305e-01 -7.500000e-01  2.148951e-01
   endloop
 endfacet
 facet normal  4.539905e-01  9.045258e-17  8.910065e-01
   outer loop
     vertex  1.561305e-01  2.271877e-17  2.148951e-01
     vertex  8.208264e-02  2.049489e-17  2.526244e-01
     vertex  8.208264e-02 -7.500000e-01  2.526244e-01
   endloop
 endfacet
 facet normal  7.071068e-01  1.046728e-16  7.071068e-01
   outer loop
     vertex  2.148951e-01  2.271877e-17  1.561305e-01
     vertex  1.561305e-01 -7.500000e-01  2.148951e-01
     vertex  2.148951e-01 -7.500000e-01  1.561305e-01
   endloop
 endfacet
 facet normal  7.071068e-01  1.043684e-16  7.071068e-01
   outer loop
     vertex  2.148951e-01  2.271877e-17  1.561305e-01
     vertex  1.561305e-01  2.271877e-17  2.148951e-01
     vertex  1.561305e-01 -7.500000e-01  2.148951e-01
   endloop
 endfacet
 facet normal  8.910065e-01  9.114927e-17  4.539905e-01
   outer loop
     vertex  2.526244e-01  2.049489e-17  8.208264e-02
     vertex  2.148951e-01 -7.500000e-01  1.561305e-01
     vertex  2.526244e-01 -7.500000e-01  8.208264e-02
   endloop
 endfacet
 facet normal  8.910065e-01  1.043684e-16  4.539905e-01
   outer loop
     vertex  2.526244e-01  2.049489e-17  8.208264e-02
     vertex  2.148951e-01  2.271877e-17  1.561305e-01
     vertex  2.148951e-01 -7.500000e-01  1.561305e-01
   endloop
 endfacet
 facet normal  9.876883e-01  9.578848e-18  1.564345e-01
   outer loop
     vertex  2.656250e-01  1.626484e-17 -1.626484e-17
     vertex  2.526244e-01 -7.500000e-01  8.208264e-02
     vertex  2.656250e-01 -7.500000e-01  2.965941e-17
   endloop
 endfacet
 facet normal  9.876883e-01  8.349469e-17  1.564345e-01
   outer loop
     vertex  2.656250e-01  1.626484e-17 -1.626484e-17
     vertex  2.526244e-01  2.049489e-17  8.208264e-02
     vertex  2.526244e-01 -7.500000e-01  8.208264e-02
   endloop
 endfacet
 facet normal -1.000000e+00 -6.123234e-17  7.878705e-17
   outer loop
     vertex  0.000000e+00  0.000000e+00  0.000000e+00
     vertex  6.685206e-17 -7.500000e-01  2.656250e-01
     vertex  2.092781e-17  1.626484e-17  2.656250e-01
   endloop
 endfacet
 facet normal -1.000000e+00 -6.123234e-17  7.878705e-17
   outer loop
     vertex  0.000000e+00  0.000000e+00  0.000000e+00
     vertex  4.592425e-17 -7.500000e-01  4.592425e-17
     vertex  6.685206e-17 -7.500000e-01  2.656250e-01
   endloop
 endfacet
 facet normal -6.123234e-17  1.000000e+00 -6.123234e-17
   outer loop
     vertex  8.208264e-02  2.049489e-17  2.526244e-01
     vertex  0.000000e+00  0.000000e+00  0.000000e+00
     vertex  2.092781e-17  1.626484e-17  2.656250e-01
   endloop
 endfacet
 facet normal -6.123234e-17  1.000000e+00 -6.123234e-17
   outer loop
     vertex  2.526244e-01  2.049489e-17  8.208264e-02
     vertex  2.656250e-01  1.626484e-17 -1.626484e-17
     vertex  0.000000e+00  0.000000e+00  0.000000e+00
   endloop
 endfacet
 facet normal -6.123234e-17  1.000000e+00 -6.123234e-17
   outer loop
     vertex  1.561305e-01  2.271877e-17  2.148951e-01
     vertex  0.000000e+00  0.000000e+00  0.000000e+00
     vertex  8.208264e-02  2.049489e-17  2.526244e-01
   endloop
 endfacet
 facet normal -6.123234e-17  1.000000e+00 -6.123234e-17
   outer loop
     vertex  2.148951e-01  2.271877e-17  1.561305e-01
     vertex  2.526244e-01  2.049489e-17  8.208264e-02
     vertex  0.000000e+00  0.000000e+00  0.000000e+00
   endloop
 endfacet
 facet normal -6.123234e-17  1.000000e+00 -6.123234e-17
   outer loop
     vertex  2.148951e-01  2.271877e-17  1.561305e-01
     vertex  0.000000e+00  0.000000e+00  0.000000e+00
     vertex  1.561305e-01  2.271877e-17  2.148951e-01
   endloop
 endfacet
 facet normal -0.000000e+00 -1.000000e+00  0.000000e+00
   outer loop
     vertex  8.208264e-02 -7.500000e-01  2.526244e-01
     vertex  6.685206e-17 -7.500000e-01  2.656250e-01
     vertex  4.592425e-17 -7.500000e-01  4.592425e-17
   endloop
 endfacet
 facet normal  0.000000e+00 -1.000000e+00 -0.000000e+00
   outer loop
     vertex  2.526244e-01 -7.500000e-01  8.208264e-02
     vertex  4.592425e-17 -7.500000e-01  4.592425e-17
     vertex  2.656250e-01 -7.500000e-01  2.965941e-17
   endloop
 endfacet
 facet normal -0.000000e+00 -1.000000e+00  0.000000e+00
   outer loop
     vertex  1.561305e-01 -7.500000e-01  2.148951e-01
     vertex  8.208264e-02 -7.500000e-01  2.526244e-01
     vertex  4.592425e-17 -7.500000e-01  4.592425e-17
   endloop
 endfacet
 facet normal  0.000000e+00 -1.000000e+00 -0.000000e+00
   outer loop
     vertex  2.148951e-01 -7.500000e-01  1.561305e-01
     vertex  4.592425e-17 -7.500000e-01  4.592425e-17
     vertex  2.526244e-01 -7.500000e-01  8.208264e-02
   endloop
 endfacet
 facet normal -0.000000e+00 -1.000000e+00  0.000000e+00
   outer loop
     vertex  2.148951e-01 -7.500000e-01  1.561305e-01
     vertex  1.561305e-01 -7.500000e-01  2.148951e-01
     vertex  4.592425e-17 -7.500000e-01  4.592425e-17
   endloop
 endfacet
endsolid
