solid 
 facet normal  0.000000e+00 -0.000000e+00 -1.000000e+00
   outer loop
     vertex  5.624099e-33  7.500000e-01 -7.500000e-01
     vertex  3.125000e-02 -7.500000e-01 -7.500000e-01
     vertex  0.000000e+00 -7.500000e-01 -7.500000e-01
   endloop
 endfacet
 facet normal  0.000000e+00  0.000000e+00 -1.000000e+00
   outer loop
     vertex  5.624099e-33  7.500000e-01 -7.500000e-01
     vertex  3.125000e-02  7.500000e-01 -7.500000e-01
     vertex  3.125000e-02 -7.500000e-01 -7.500000e-01
   endloop
 endfacet
 facet normal  0.000000e+00  1.000000e+00  0.000000e+00
   outer loop
     vertex -9.184851e-17  7.500000e-01  7.500000e-01
     vertex  3.125000e-02  7.500000e-01 -7.500000e-01
     vertex  5.624099e-33  7.500000e-01 -7.500000e-01
   endloop
 endfacet
 facet normal -0.000000e+00  1.000000e+00  0.000000e+00
   outer loop
     vertex -9.184851e-17  7.500000e-01  7.500000e-01
     vertex  3.125000e-02  7.500000e-01  7.500000e-01
     vertex  3.125000e-02  7.500000e-01 -7.500000e-01
   endloop
 endfacet
 facet normal  0.000000e+00  0.000000e+00  1.000000e+00
   outer loop
     vertex -9.184851e-17 -7.500000e-01  7.500000e-01
     vertex  3.125000e-02  7.500000e-01  7.500000e-01
     vertex -9.184851e-17  7.500000e-01  7.500000e-01
   endloop
 endfacet
 facet normal  0.000000e+00  0.000000e+00  1.000000e+00
   outer loop
     vertex -9.184851e-17 -7.500000e-01  7.500000e-01
     vertex  3.125000e-02 -7.500000e-01  7.500000e-01
     vertex  3.125000e-02  7.500000e-01  7.500000e-01
   endloop
 endfacet
 facet normal  0.000000e+00 -1.000000e+00  0.000000e+00
   outer loop
     vertex  0.000000e+00 -7.500000e-01 -7.500000e-01
     vertex  3.125000e-02 -7.500000e-01  7.500000e-01
     vertex -9.184851e-17 -7.500000e-01  7.500000e-01
   endloop
 endfacet
 facet normal  0.000000e+00 -1.000000e+00  0.000000e+00
   outer loop
     vertex  0.000000e+00 -7.500000e-01 -7.500000e-01
     vertex  3.125000e-02 -7.500000e-01 -7.500000e-01
     vertex  3.125000e-02 -7.500000e-01  7.500000e-01
   endloop
 endfacet
 facet normal  0.000000e+00 -2.588190e-01 -9.659258e-01
   outer loop
     vertex -5.478063e-17  8.684211e-02  1.446356e-01
     vertex  3.125000e-02  7.894737e-03  1.657895e-01
     vertex -5.607593e-17  7.894737e-03  1.657895e-01
   endloop
 endfacet
 facet normal  0.000000e+00 -2.588190e-01 -9.659258e-01
   outer loop
     vertex -5.478063e-17  8.684211e-02  1.446356e-01
     vertex  3.125000e-02  8.684211e-02  1.446356e-01
     vertex  3.125000e-02  7.894737e-03  1.657895e-01
   endloop
 endfacet
 facet normal  0.000000e+00 -7.071068e-01 -7.071068e-01
   outer loop
     vertex -5.124180e-17  1.446356e-01  8.684211e-02
     vertex  3.125000e-02  1.446356e-01  8.684211e-02
     vertex  3.125000e-02  8.684211e-02  1.446356e-01
   endloop
 endfacet
 facet normal  0.000000e+00 -7.071068e-01 -7.071068e-01
   outer loop
     vertex -5.124180e-17  1.446356e-01  8.684211e-02
     vertex  3.125000e-02  8.684211e-02  1.446356e-01
     vertex -5.478063e-17  8.684211e-02  1.446356e-01
   endloop
 endfacet
 facet normal  0.000000e+00 -9.659258e-01 -2.588190e-01
   outer loop
     vertex -4.640767e-17  1.657895e-01  7.894737e-03
     vertex  3.125000e-02  1.657895e-01  7.894737e-03
     vertex  3.125000e-02  1.446356e-01  8.684211e-02
   endloop
 endfacet
 facet normal  0.000000e+00 -9.659258e-01 -2.588190e-01
   outer loop
     vertex -4.640767e-17  1.657895e-01  7.894737e-03
     vertex  3.125000e-02  1.446356e-01  8.684211e-02
     vertex -5.124180e-17  1.446356e-01  8.684211e-02
   endloop
 endfacet
 facet normal  0.000000e+00 -9.659258e-01  2.588190e-01
   outer loop
     vertex -4.157354e-17  1.446356e-01 -7.105263e-02
     vertex  3.125000e-02  1.446356e-01 -7.105263e-02
     vertex  3.125000e-02  1.657895e-01  7.894737e-03
   endloop
 endfacet
 facet normal  0.000000e+00 -9.659258e-01  2.588190e-01
   outer loop
     vertex -4.157354e-17  1.446356e-01 -7.105263e-02
     vertex  3.125000e-02  1.657895e-01  7.894737e-03
     vertex -4.640767e-17  1.657895e-01  7.894737e-03
   endloop
 endfacet
 facet normal  0.000000e+00 -7.071068e-01  7.071068e-01
   outer loop
     vertex -3.803471e-17  8.684211e-02 -1.288461e-01
     vertex  3.125000e-02  8.684211e-02 -1.288461e-01
     vertex  3.125000e-02  1.446356e-01 -7.105263e-02
   endloop
 endfacet
 facet normal  0.000000e+00 -7.071068e-01  7.071068e-01
   outer loop
     vertex -3.803471e-17  8.684211e-02 -1.288461e-01
     vertex  3.125000e-02  1.446356e-01 -7.105263e-02
     vertex -4.157354e-17  1.446356e-01 -7.105263e-02
   endloop
 endfacet
 facet normal  0.000000e+00 -2.588190e-01  9.659258e-01
   outer loop
     vertex -3.673940e-17  7.894737e-03 -1.500000e-01
     vertex  3.125000e-02  7.894737e-03 -1.500000e-01
     vertex  3.125000e-02  8.684211e-02 -1.288461e-01
   endloop
 endfacet
 facet normal  0.000000e+00 -2.588190e-01  9.659258e-01
   outer loop
     vertex -3.673940e-17  7.894737e-03 -1.500000e-01
     vertex  3.125000e-02  8.684211e-02 -1.288461e-01
     vertex -3.803471e-17  8.684211e-02 -1.288461e-01
   endloop
 endfacet
 facet normal -0.000000e+00  2.588190e-01  9.659258e-01
   outer loop
     vertex -3.803471e-17 -7.105263e-02 -1.288461e-01
     vertex  3.125000e-02 -7.105263e-02 -1.288461e-01
     vertex  3.125000e-02  7.894737e-03 -1.500000e-01
   endloop
 endfacet
 facet normal  0.000000e+00  2.588190e-01  9.659258e-01
   outer loop
     vertex -3.803471e-17 -7.105263e-02 -1.288461e-01
     vertex  3.125000e-02  7.894737e-03 -1.500000e-01
     vertex -3.673940e-17  7.894737e-03 -1.500000e-01
   endloop
 endfacet
 facet normal -0.000000e+00  7.071068e-01  7.071068e-01
   outer loop
     vertex -4.157354e-17 -1.288461e-01 -7.105263e-02
     vertex  3.125000e-02 -1.288461e-01 -7.105263e-02
     vertex  3.125000e-02 -7.105263e-02 -1.288461e-01
   endloop
 endfacet
 facet normal  0.000000e+00  7.071068e-01  7.071068e-01
   outer loop
     vertex -4.157354e-17 -1.288461e-01 -7.105263e-02
     vertex  3.125000e-02 -7.105263e-02 -1.288461e-01
     vertex -3.803471e-17 -7.105263e-02 -1.288461e-01
   endloop
 endfacet
 facet normal -0.000000e+00  9.659258e-01  2.588190e-01
   outer loop
     vertex -4.640767e-17 -1.500000e-01  7.894737e-03
     vertex  3.125000e-02 -1.500000e-01  7.894737e-03
     vertex  3.125000e-02 -1.288461e-01 -7.105263e-02
   endloop
 endfacet
 facet normal  0.000000e+00  9.659258e-01  2.588190e-01
   outer loop
     vertex -4.640767e-17 -1.500000e-01  7.894737e-03
     vertex  3.125000e-02 -1.288461e-01 -7.105263e-02
     vertex -4.157354e-17 -1.288461e-01 -7.105263e-02
   endloop
 endfacet
 facet normal  0.000000e+00  9.659258e-01 -2.588190e-01
   outer loop
     vertex -5.124180e-17 -1.288461e-01  8.684211e-02
     vertex  3.125000e-02 -1.288461e-01  8.684211e-02
     vertex  3.125000e-02 -1.500000e-01  7.894737e-03
   endloop
 endfacet
 facet normal  0.000000e+00  9.659258e-01 -2.588190e-01
   outer loop
     vertex -5.124180e-17 -1.288461e-01  8.684211e-02
     vertex  3.125000e-02 -1.500000e-01  7.894737e-03
     vertex -4.640767e-17 -1.500000e-01  7.894737e-03
   endloop
 endfacet
 facet normal  0.000000e+00  7.071068e-01 -7.071068e-01
   outer loop
     vertex -5.478063e-17 -7.105263e-02  1.446356e-01
     vertex  3.125000e-02 -7.105263e-02  1.446356e-01
     vertex  3.125000e-02 -1.288461e-01  8.684211e-02
   endloop
 endfacet
 facet normal  0.000000e+00  7.071068e-01 -7.071068e-01
   outer loop
     vertex -5.478063e-17 -7.105263e-02  1.446356e-01
     vertex  3.125000e-02 -1.288461e-01  8.684211e-02
     vertex -5.124180e-17 -1.288461e-01  8.684211e-02
   endloop
 endfacet
 facet normal  0.000000e+00  2.588190e-01 -9.659258e-01
   outer loop
     vertex -5.607593e-17  7.894737e-03  1.657895e-01
     vertex  3.125000e-02  7.894737e-03  1.657895e-01
     vertex  3.125000e-02 -7.105263e-02  1.446356e-01
   endloop
 endfacet
 facet normal  0.000000e+00  2.588190e-01 -9.659258e-01
   outer loop
     vertex -5.607593e-17  7.894737e-03  1.657895e-01
     vertex  3.125000e-02 -7.105263e-02  1.446356e-01
     vertex -5.478063e-17 -7.105263e-02  1.446356e-01
   endloop
 endfacet
 facet normal -1.000000e+00 -2.101833e-30 -6.123234e-17
   outer loop
     vertex -4.157354e-17 -1.288461e-01 -7.105263e-02
     vertex -3.803471e-17 -7.105263e-02 -1.288461e-01
     vertex  0.000000e+00 -7.500000e-01 -7.500000e-01
   endloop
 endfacet
 facet normal -1.000000e+00 -9.477637e-31 -6.123234e-17
   outer loop
     vertex -3.673940e-17  7.894737e-03 -1.500000e-01
     vertex  0.000000e+00 -7.500000e-01 -7.500000e-01
     vertex -3.803471e-17 -7.105263e-02 -1.288461e-01
   endloop
 endfacet
 facet normal -1.000000e+00 -3.414380e-30 -6.123234e-17
   outer loop
     vertex -4.640767e-17 -1.500000e-01  7.894737e-03
     vertex -4.157354e-17 -1.288461e-01 -7.105263e-02
     vertex  0.000000e+00 -7.500000e-01 -7.500000e-01
   endloop
 endfacet
 facet normal -1.000000e+00  9.283528e-31 -6.123234e-17
   outer loop
     vertex  5.624099e-33  7.500000e-01 -7.500000e-01
     vertex -3.673940e-17  7.894737e-03 -1.500000e-01
     vertex -3.803471e-17  8.684211e-02 -1.288461e-01
   endloop
 endfacet
 facet normal -1.000000e+00  3.749399e-33 -6.123234e-17
   outer loop
     vertex  5.624099e-33  7.500000e-01 -7.500000e-01
     vertex  0.000000e+00 -7.500000e-01 -7.500000e-01
     vertex -3.673940e-17  7.894737e-03 -1.500000e-01
   endloop
 endfacet
 facet normal -1.000000e+00 -9.674414e-30 -6.123234e-17
   outer loop
     vertex -9.184851e-17 -7.500000e-01  7.500000e-01
     vertex -5.124180e-17 -1.288461e-01  8.684211e-02
     vertex -4.640767e-17 -1.500000e-01  7.894737e-03
   endloop
 endfacet
 facet normal -1.000000e+00 -8.792512e-30 -6.123234e-17
   outer loop
     vertex -9.184851e-17 -7.500000e-01  7.500000e-01
     vertex -4.640767e-17 -1.500000e-01  7.894737e-03
     vertex  0.000000e+00 -7.500000e-01 -7.500000e-01
   endloop
 endfacet
 facet normal -1.000000e+00  2.174379e-30 -6.123234e-17
   outer loop
     vertex -4.157354e-17  1.446356e-01 -7.105263e-02
     vertex  5.624099e-33  7.500000e-01 -7.500000e-01
     vertex -3.803471e-17  8.684211e-02 -1.288461e-01
   endloop
 endfacet
 facet normal -1.000000e+00 -6.045706e-30 -6.123234e-17
   outer loop
     vertex -5.478063e-17 -7.105263e-02  1.446356e-01
     vertex -5.124180e-17 -1.288461e-01  8.684211e-02
     vertex -9.184851e-17 -7.500000e-01  7.500000e-01
   endloop
 endfacet
 facet normal -1.000000e+00 -7.672510e-29 -6.123234e-17
   outer loop
     vertex -5.607593e-17  7.894737e-03  1.657895e-01
     vertex -5.478063e-17 -7.105263e-02  1.446356e-01
     vertex -9.184851e-17 -7.500000e-01  7.500000e-01
   endloop
 endfacet
 facet normal -1.000000e+00  3.470462e-30 -6.123234e-17
   outer loop
     vertex -4.640767e-17  1.657895e-01  7.894737e-03
     vertex  5.624099e-33  7.500000e-01 -7.500000e-01
     vertex -4.157354e-17  1.446356e-01 -7.105263e-02
   endloop
 endfacet
 facet normal -1.000000e+00  9.869488e-30 -6.123234e-17
   outer loop
     vertex -9.184851e-17  7.500000e-01  7.500000e-01
     vertex -4.640767e-17  1.657895e-01  7.894737e-03
     vertex -5.124180e-17  1.446356e-01  8.684211e-02
   endloop
 endfacet
 facet normal -1.000000e+00  6.094688e-30 -6.123234e-17
   outer loop
     vertex -9.184851e-17  7.500000e-01  7.500000e-01
     vertex -5.124180e-17  1.446356e-01  8.684211e-02
     vertex -5.478063e-17  8.684211e-02  1.446356e-01
   endloop
 endfacet
 facet normal -1.000000e+00  7.721129e-29 -6.123234e-17
   outer loop
     vertex -9.184851e-17  7.500000e-01  7.500000e-01
     vertex -5.478063e-17  8.684211e-02  1.446356e-01
     vertex -5.607593e-17  7.894737e-03  1.657895e-01
   endloop
 endfacet
 facet normal -1.000000e+00 -0.000000e+00 -6.123234e-17
   outer loop
     vertex -9.184851e-17  7.500000e-01  7.500000e-01
     vertex -5.607593e-17  7.894737e-03  1.657895e-01
     vertex -9.184851e-17 -7.500000e-01  7.500000e-01
   endloop
 endfacet
 facet normal -1.000000e+00  9.030148e-30 -6.123234e-17
   outer loop
     vertex -9.184851e-17  7.500000e-01  7.500000e-01
     vertex  5.624099e-33  7.500000e-01 -7.500000e-01
     vertex -4.640767e-17  1.657895e-01  7.894737e-03
   endloop
 endfacet
 facet normal  1.000000e+00 -5.337195e-18 -5.337195e-18
   outer loop
     vertex  3.125000e-02 -1.288461e-01 -7.105263e-02
     vertex  3.125000e-02 -7.500000e-01 -7.500000e-01
     vertex  3.125000e-02 -7.105263e-02 -1.288461e-01
   endloop
 endfacet
 facet normal  1.000000e+00 -2.315183e-18 -8.640381e-18
   outer loop
     vertex  3.125000e-02  7.894737e-03 -1.500000e-01
     vertex  3.125000e-02 -7.105263e-02 -1.288461e-01
     vertex  3.125000e-02 -7.500000e-01 -7.500000e-01
   endloop
 endfacet
 facet normal  1.000000e+00 -8.294766e-17  6.566690e-17
   outer loop
     vertex  3.125000e-02 -1.500000e-01  7.894737e-03
     vertex  3.125000e-02 -7.500000e-01 -7.500000e-01
     vertex  3.125000e-02 -1.288461e-01 -7.105263e-02
   endloop
 endfacet
 facet normal  1.000000e+00  2.327445e-18 -8.686142e-18
   outer loop
     vertex  3.125000e-02  7.500000e-01 -7.500000e-01
     vertex  3.125000e-02  8.684211e-02 -1.288461e-01
     vertex  3.125000e-02  7.894737e-03 -1.500000e-01
   endloop
 endfacet
 facet normal  1.000000e+00  0.000000e+00 -1.156482e-17
   outer loop
     vertex  3.125000e-02  7.500000e-01 -7.500000e-01
     vertex  3.125000e-02  7.894737e-03 -1.500000e-01
     vertex  3.125000e-02 -7.500000e-01 -7.500000e-01
   endloop
 endfacet
 facet normal  1.000000e+00  4.082487e-17  3.300734e-17
   outer loop
     vertex  3.125000e-02 -7.500000e-01  7.500000e-01
     vertex  3.125000e-02 -1.500000e-01  7.894737e-03
     vertex  3.125000e-02 -1.288461e-01  8.684211e-02
   endloop
 endfacet
 facet normal  1.000000e+00  0.000000e+00  0.000000e+00
   outer loop
     vertex  3.125000e-02 -7.500000e-01  7.500000e-01
     vertex  3.125000e-02 -7.500000e-01 -7.500000e-01
     vertex  3.125000e-02 -1.500000e-01  7.894737e-03
   endloop
 endfacet
 facet normal  1.000000e+00  5.402811e-18 -5.402811e-18
   outer loop
     vertex  3.125000e-02  1.446356e-01 -7.105263e-02
     vertex  3.125000e-02  8.684211e-02 -1.288461e-01
     vertex  3.125000e-02  7.500000e-01 -7.500000e-01
   endloop
 endfacet
 facet normal  1.000000e+00  3.369899e-17  2.633281e-17
   outer loop
     vertex  3.125000e-02 -7.105263e-02  1.446356e-01
     vertex  3.125000e-02 -7.500000e-01  7.500000e-01
     vertex  3.125000e-02 -1.288461e-01  8.684211e-02
   endloop
 endfacet
 facet normal  1.000000e+00 -6.522115e-17 -8.461122e-17
   outer loop
     vertex  3.125000e-02  7.894737e-03  1.657895e-01
     vertex  3.125000e-02 -7.500000e-01  7.500000e-01
     vertex  3.125000e-02 -7.105263e-02  1.446356e-01
   endloop
 endfacet
 facet normal  1.000000e+00  8.461122e-17  6.522115e-17
   outer loop
     vertex  3.125000e-02  1.657895e-01  7.894737e-03
     vertex  3.125000e-02  1.446356e-01 -7.105263e-02
     vertex  3.125000e-02  7.500000e-01 -7.500000e-01
   endloop
 endfacet
 facet normal  1.000000e+00 -4.164805e-17  3.278677e-17
   outer loop
     vertex  3.125000e-02  7.500000e-01  7.500000e-01
     vertex  3.125000e-02  1.446356e-01  8.684211e-02
     vertex  3.125000e-02  1.657895e-01  7.894737e-03
   endloop
 endfacet
 facet normal  1.000000e+00 -3.411845e-17  2.591335e-17
   outer loop
     vertex  3.125000e-02  7.500000e-01  7.500000e-01
     vertex  3.125000e-02  8.684211e-02  1.446356e-01
     vertex  3.125000e-02  1.446356e-01  8.684211e-02
   endloop
 endfacet
 facet normal  1.000000e+00  6.557353e-17 -8.329611e-17
   outer loop
     vertex  3.125000e-02  7.500000e-01  7.500000e-01
     vertex  3.125000e-02  7.894737e-03  1.657895e-01
     vertex  3.125000e-02  8.684211e-02  1.446356e-01
   endloop
 endfacet
 facet normal  1.000000e+00  0.000000e+00  0.000000e+00
   outer loop
     vertex  3.125000e-02  7.500000e-01  7.500000e-01
     vertex  3.125000e-02 -7.500000e-01  7.500000e-01
     vertex  3.125000e-02  7.894737e-03  1.657895e-01
   endloop
 endfacet
 facet normal  1.000000e+00  0.000000e+00  0.000000e+00
   outer loop
     vertex  3.125000e-02  7.500000e-01  7.500000e-01
     vertex  3.125000e-02  1.657895e-01  7.894737e-03
     vertex  3.125000e-02  7.500000e-01 -7.500000e-01
   endloop
 endfacet
endsolid
