solid 
 facet normal  0.000000e+00  0.000000e+00 -1.000000e+00
   outer loop
     vertex  2.343750e-02  3.348644e-18 -3.125000e-02
     vertex -3.125000e-02 -7.812500e-02 -3.125000e-02
     vertex -3.125000e-02  0.000000e+00 -3.125000e-02
   endloop
 endfacet
 facet normal  0.000000e+00 -0.000000e+00 -1.000000e+00
   outer loop
     vertex  2.343750e-02  3.348644e-18 -3.125000e-02
     vertex  2.343750e-02 -7.812500e-02 -3.125000e-02
     vertex -3.125000e-02 -7.812500e-02 -3.125000e-02
   endloop
 endfacet
 facet normal -1.000000e+00  0.000000e+00  0.000000e+00
   outer loop
     vertex -3.125000e-02  0.000000e+00 -3.125000e-02
     vertex -3.125000e-02 -7.812500e-02  2.343750e-02
     vertex -3.125000e-02  3.348644e-18  2.343750e-02
   endloop
 endfacet
 facet normal -1.000000e+00  0.000000e+00  0.000000e+00
   outer loop
     vertex -3.125000e-02  0.000000e+00 -3.125000e-02
     vertex -3.125000e-02 -7.812500e-02 -3.125000e-02
     vertex -3.125000e-02 -7.812500e-02  2.343750e-02
   endloop
 endfacet
 facet normal  1.000000e+00  0.000000e+00  0.000000e+00
   outer loop
     vertex  2.343750e-02  6.697287e-18  2.343750e-02
     vertex  2.343750e-02 -7.812500e-02 -3.125000e-02
     vertex  2.343750e-02  3.348644e-18 -3.125000e-02
   endloop
 endfacet
 facet normal  1.000000e+00  0.000000e+00  0.000000e+00
   outer loop
     vertex  2.343750e-02  6.697287e-18  2.343750e-02
     vertex  2.343750e-02 -7.812500e-02  2.343750e-02
     vertex  2.343750e-02 -7.812500e-02 -3.125000e-02
   endloop
 endfacet
 facet normal -0.000000e+00  0.000000e+00 -1.000000e+00
   outer loop
     vertex  2.343750e-02  3.348644e-18 -3.125000e-02
     vertex -3.125000e-02  0.000000e+00 -3.125000e-02
     vertex -3.125000e-02  7.812500e-02 -3.125000e-02
   endloop
 endfacet
 facet normal  0.000000e+00  0.000000e+00 -1.000000e+00
   outer loop
     vertex  2.343750e-02  3.348644e-18 -3.125000e-02
     vertex -3.125000e-02  7.812500e-02 -3.125000e-02
     vertex  2.343750e-02  7.812500e-02 -3.125000e-02
   endloop
 endfacet
 facet normal -0.000000e+00 -1.000000e+00  0.000000e+00
   outer loop
     vertex -3.067434e-02 -7.812500e-02  2.286184e-02
     vertex -3.125000e-02 -7.812500e-02  2.343750e-02
     vertex -3.125000e-02 -7.812500e-02 -3.125000e-02
   endloop
 endfacet
 facet normal  0.000000e+00 -1.000000e+00 -0.000000e+00
   outer loop
     vertex -3.067434e-02 -7.812500e-02  2.286184e-02
     vertex -3.125000e-02 -7.812500e-02 -3.125000e-02
     vertex -3.067434e-02 -7.812500e-02 -3.067434e-02
   endloop
 endfacet
 facet normal  0.000000e+00 -1.000000e+00 -0.000000e+00
   outer loop
     vertex  2.286184e-02 -7.812500e-02 -3.067434e-02
     vertex -3.125000e-02 -7.812500e-02 -3.125000e-02
     vertex  2.343750e-02 -7.812500e-02 -3.125000e-02
   endloop
 endfacet
 facet normal -0.000000e+00 -1.000000e+00  0.000000e+00
   outer loop
     vertex  2.286184e-02 -7.812500e-02 -3.067434e-02
     vertex -3.067434e-02 -7.812500e-02 -3.067434e-02
     vertex -3.125000e-02 -7.812500e-02 -3.125000e-02
   endloop
 endfacet
 facet normal  0.000000e+00 -1.000000e+00  0.000000e+00
   outer loop
     vertex  2.343750e-02 -7.812500e-02  2.343750e-02
     vertex  2.286184e-02 -7.812500e-02  2.286184e-02
     vertex  2.286184e-02 -7.812500e-02 -3.067434e-02
   endloop
 endfacet
 facet normal  0.000000e+00 -1.000000e+00 -0.000000e+00
   outer loop
     vertex  2.343750e-02 -7.812500e-02  2.343750e-02
     vertex  2.286184e-02 -7.812500e-02 -3.067434e-02
     vertex  2.343750e-02 -7.812500e-02 -3.125000e-02
   endloop
 endfacet
 facet normal -0.000000e+00 -1.000000e+00  0.000000e+00
   outer loop
     vertex  2.343750e-02 -7.812500e-02  2.343750e-02
     vertex -3.125000e-02 -7.812500e-02  2.343750e-02
     vertex -3.067434e-02 -7.812500e-02  2.286184e-02
   endloop
 endfacet
 facet normal  0.000000e+00 -1.000000e+00  0.000000e+00
   outer loop
     vertex  2.343750e-02 -7.812500e-02  2.343750e-02
     vertex -3.067434e-02 -7.812500e-02  2.286184e-02
     vertex  2.286184e-02 -7.812500e-02  2.286184e-02
   endloop
 endfacet
 facet normal -0.000000e+00  0.000000e+00  1.000000e+00
   outer loop
     vertex -3.125000e-02  3.348644e-18  2.343750e-02
     vertex  2.343750e-02 -7.812500e-02  2.343750e-02
     vertex  2.343750e-02  6.697287e-18  2.343750e-02
   endloop
 endfacet
 facet normal  0.000000e+00  0.000000e+00  1.000000e+00
   outer loop
     vertex -3.125000e-02  3.348644e-18  2.343750e-02
     vertex -3.125000e-02 -7.812500e-02  2.343750e-02
     vertex  2.343750e-02 -7.812500e-02  2.343750e-02
   endloop
 endfacet
 facet normal -1.000000e+00  0.000000e+00  0.000000e+00
   outer loop
     vertex -3.125000e-02  0.000000e+00 -3.125000e-02
     vertex -3.125000e-02  3.348644e-18  2.343750e-02
     vertex -3.125000e-02  7.812500e-02  2.343750e-02
   endloop
 endfacet
 facet normal -1.000000e+00  0.000000e+00  0.000000e+00
   outer loop
     vertex -3.125000e-02  0.000000e+00 -3.125000e-02
     vertex -3.125000e-02  7.812500e-02  2.343750e-02
     vertex -3.125000e-02  7.812500e-02 -3.125000e-02
   endloop
 endfacet
 facet normal  1.000000e+00  0.000000e+00  0.000000e+00
   outer loop
     vertex  2.343750e-02  6.697287e-18  2.343750e-02
     vertex  2.343750e-02  3.348644e-18 -3.125000e-02
     vertex  2.343750e-02  7.812500e-02 -3.125000e-02
   endloop
 endfacet
 facet normal  1.000000e+00 -0.000000e+00  0.000000e+00
   outer loop
     vertex  2.343750e-02  6.697287e-18  2.343750e-02
     vertex  2.343750e-02  7.812500e-02 -3.125000e-02
     vertex  2.343750e-02  7.812500e-02  2.343750e-02
   endloop
 endfacet
 facet normal  0.000000e+00  1.000000e+00  0.000000e+00
   outer loop
     vertex -3.067434e-02  7.812500e-02  2.286184e-02
     vertex -3.125000e-02  7.812500e-02 -3.125000e-02
     vertex -3.125000e-02  7.812500e-02  2.343750e-02
   endloop
 endfacet
 facet normal  0.000000e+00  1.000000e+00  0.000000e+00
   outer loop
     vertex -3.067434e-02  7.812500e-02  2.286184e-02
     vertex -3.067434e-02  7.812500e-02 -3.067434e-02
     vertex -3.125000e-02  7.812500e-02 -3.125000e-02
   endloop
 endfacet
 facet normal  0.000000e+00  1.000000e+00  0.000000e+00
   outer loop
     vertex  2.286184e-02  7.812500e-02 -3.067434e-02
     vertex  2.343750e-02  7.812500e-02 -3.125000e-02
     vertex -3.125000e-02  7.812500e-02 -3.125000e-02
   endloop
 endfacet
 facet normal  0.000000e+00  1.000000e+00  0.000000e+00
   outer loop
     vertex  2.286184e-02  7.812500e-02 -3.067434e-02
     vertex -3.125000e-02  7.812500e-02 -3.125000e-02
     vertex -3.067434e-02  7.812500e-02 -3.067434e-02
   endloop
 endfacet
 facet normal  0.000000e+00  1.000000e+00  0.000000e+00
   outer loop
     vertex  2.343750e-02  7.812500e-02  2.343750e-02
     vertex  2.286184e-02  7.812500e-02 -3.067434e-02
     vertex  2.286184e-02  7.812500e-02  2.286184e-02
   endloop
 endfacet
 facet normal  0.000000e+00  1.000000e+00  0.000000e+00
   outer loop
     vertex  2.343750e-02  7.812500e-02  2.343750e-02
     vertex  2.343750e-02  7.812500e-02 -3.125000e-02
     vertex  2.286184e-02  7.812500e-02 -3.067434e-02
   endloop
 endfacet
 facet normal  0.000000e+00  1.000000e+00  0.000000e+00
   outer loop
     vertex  2.343750e-02  7.812500e-02  2.343750e-02
     vertex -3.067434e-02  7.812500e-02  2.286184e-02
     vertex -3.125000e-02  7.812500e-02  2.343750e-02
   endloop
 endfacet
 facet normal  0.000000e+00  1.000000e+00  0.000000e+00
   outer loop
     vertex  2.343750e-02  7.812500e-02  2.343750e-02
     vertex  2.286184e-02  7.812500e-02  2.286184e-02
     vertex -3.067434e-02  7.812500e-02  2.286184e-02
   endloop
 endfacet
 facet normal  0.000000e+00  0.000000e+00  1.000000e+00
   outer loop
     vertex  2.286184e-02  3.348644e-18 -3.067434e-02
     vertex -3.067434e-02  7.049776e-20 -3.067434e-02
     vertex -3.067434e-02 -7.812500e-02 -3.067434e-02
   endloop
 endfacet
 facet normal  0.000000e+00  0.000000e+00  1.000000e+00
   outer loop
     vertex  2.286184e-02  3.348644e-18 -3.067434e-02
     vertex -3.067434e-02 -7.812500e-02 -3.067434e-02
     vertex  2.286184e-02 -7.812500e-02 -3.067434e-02
   endloop
 endfacet
 facet normal -1.000000e+00  0.000000e+00  0.000000e+00
   outer loop
     vertex  2.286184e-02  6.626789e-18  2.286184e-02
     vertex  2.286184e-02  3.348644e-18 -3.067434e-02
     vertex  2.286184e-02 -7.812500e-02 -3.067434e-02
   endloop
 endfacet
 facet normal -1.000000e+00 -0.000000e+00  0.000000e+00
   outer loop
     vertex  2.286184e-02  6.626789e-18  2.286184e-02
     vertex  2.286184e-02 -7.812500e-02 -3.067434e-02
     vertex  2.286184e-02 -7.812500e-02  2.286184e-02
   endloop
 endfacet
 facet normal  0.000000e+00  0.000000e+00 -1.000000e+00
   outer loop
     vertex -3.067434e-02  3.348644e-18  2.286184e-02
     vertex  2.286184e-02  6.626789e-18  2.286184e-02
     vertex  2.286184e-02 -7.812500e-02  2.286184e-02
   endloop
 endfacet
 facet normal  0.000000e+00  0.000000e+00 -1.000000e+00
   outer loop
     vertex -3.067434e-02  3.348644e-18  2.286184e-02
     vertex  2.286184e-02 -7.812500e-02  2.286184e-02
     vertex -3.067434e-02 -7.812500e-02  2.286184e-02
   endloop
 endfacet
 facet normal  1.000000e+00  0.000000e+00 -0.000000e+00
   outer loop
     vertex -3.067434e-02  7.049776e-20 -3.067434e-02
     vertex -3.067434e-02  3.348644e-18  2.286184e-02
     vertex -3.067434e-02 -7.812500e-02  2.286184e-02
   endloop
 endfacet
 facet normal  1.000000e+00  0.000000e+00  0.000000e+00
   outer loop
     vertex -3.067434e-02  7.049776e-20 -3.067434e-02
     vertex -3.067434e-02 -7.812500e-02  2.286184e-02
     vertex -3.067434e-02 -7.812500e-02 -3.067434e-02
   endloop
 endfacet
 facet normal  0.000000e+00  0.000000e+00  1.000000e+00
   outer loop
     vertex -3.125000e-02  3.348644e-18  2.343750e-02
     vertex  2.343750e-02  6.697287e-18  2.343750e-02
     vertex  2.343750e-02  7.812500e-02  2.343750e-02
   endloop
 endfacet
 facet normal  0.000000e+00  0.000000e+00  1.000000e+00
   outer loop
     vertex -3.125000e-02  3.348644e-18  2.343750e-02
     vertex  2.343750e-02  7.812500e-02  2.343750e-02
     vertex -3.125000e-02  7.812500e-02  2.343750e-02
   endloop
 endfacet
 facet normal  0.000000e+00  0.000000e+00  1.000000e+00
   outer loop
     vertex  2.286184e-02  3.348644e-18 -3.067434e-02
     vertex -3.067434e-02  7.812500e-02 -3.067434e-02
     vertex -3.067434e-02  7.049776e-20 -3.067434e-02
   endloop
 endfacet
 facet normal  0.000000e+00 -0.000000e+00  1.000000e+00
   outer loop
     vertex  2.286184e-02  3.348644e-18 -3.067434e-02
     vertex  2.286184e-02  7.812500e-02 -3.067434e-02
     vertex -3.067434e-02  7.812500e-02 -3.067434e-02
   endloop
 endfacet
 facet normal -1.000000e+00  0.000000e+00 -0.000000e+00
   outer loop
     vertex  2.286184e-02  6.626789e-18  2.286184e-02
     vertex  2.286184e-02  7.812500e-02 -3.067434e-02
     vertex  2.286184e-02  3.348644e-18 -3.067434e-02
   endloop
 endfacet
 facet normal -1.000000e+00  0.000000e+00  0.000000e+00
   outer loop
     vertex  2.286184e-02  6.626789e-18  2.286184e-02
     vertex  2.286184e-02  7.812500e-02  2.286184e-02
     vertex  2.286184e-02  7.812500e-02 -3.067434e-02
   endloop
 endfacet
 facet normal  0.000000e+00  0.000000e+00 -1.000000e+00
   outer loop
     vertex -3.067434e-02  3.348644e-18  2.286184e-02
     vertex  2.286184e-02  7.812500e-02  2.286184e-02
     vertex  2.286184e-02  6.626789e-18  2.286184e-02
   endloop
 endfacet
 facet normal  0.000000e+00  0.000000e+00 -1.000000e+00
   outer loop
     vertex -3.067434e-02  3.348644e-18  2.286184e-02
     vertex -3.067434e-02  7.812500e-02  2.286184e-02
     vertex  2.286184e-02  7.812500e-02  2.286184e-02
   endloop
 endfacet
 facet normal  1.000000e+00  0.000000e+00  0.000000e+00
   outer loop
     vertex -3.067434e-02  7.049776e-20 -3.067434e-02
     vertex -3.067434e-02  7.812500e-02  2.286184e-02
     vertex -3.067434e-02  3.348644e-18  2.286184e-02
   endloop
 endfacet
 facet normal  1.000000e+00  0.000000e+00  0.000000e+00
   outer loop
     vertex -3.067434e-02  7.049776e-20 -3.067434e-02
     vertex -3.067434e-02  7.812500e-02 -3.067434e-02
     vertex -3.067434e-02  7.812500e-02  2.286184e-02
   endloop
 endfacet
endsolid
