solid 
 facet normal  0.000000e+00 -0.000000e+00 -1.000000e+00
   outer loop
     vertex  2.343375e-34  3.125000e-02 -3.125000e-02
     vertex  7.500000e-01 -3.125000e-02 -3.125000e-02
     vertex  0.000000e+00 -3.125000e-02 -3.125000e-02
   endloop
 endfacet
 facet normal  0.000000e+00  0.000000e+00 -1.000000e+00
   outer loop
     vertex  2.343375e-34  3.125000e-02 -3.125000e-02
     vertex  7.500000e-01  3.125000e-02 -3.125000e-02
     vertex  7.500000e-01 -3.125000e-02 -3.125000e-02
   endloop
 endfacet
 facet normal  0.000000e+00 -1.000000e+00  0.000000e+00
   outer loop
     vertex  0.000000e+00 -3.125000e-02 -3.125000e-02
     vertex  7.500000e-01 -3.125000e-02  3.125000e-02
     vertex -3.827021e-18 -3.125000e-02  3.125000e-02
   endloop
 endfacet
 facet normal  0.000000e+00 -1.000000e+00  0.000000e+00
   outer loop
     vertex  0.000000e+00 -3.125000e-02 -3.125000e-02
     vertex  7.500000e-01 -3.125000e-02 -3.125000e-02
     vertex  7.500000e-01 -3.125000e-02  3.125000e-02
   endloop
 endfacet
 facet normal  0.000000e+00  1.000000e+00  0.000000e+00
   outer loop
     vertex -3.827021e-18  3.125000e-02  3.125000e-02
     vertex  7.500000e-01  3.125000e-02 -3.125000e-02
     vertex  2.343375e-34  3.125000e-02 -3.125000e-02
   endloop
 endfacet
 facet normal -0.000000e+00  1.000000e+00  0.000000e+00
   outer loop
     vertex -3.827021e-18  3.125000e-02  3.125000e-02
     vertex  7.500000e-01  3.125000e-02  3.125000e-02
     vertex  7.500000e-01  3.125000e-02 -3.125000e-02
   endloop
 endfacet
 facet normal  0.000000e+00  0.000000e+00 -1.000000e+00
   outer loop
     vertex  2.343375e-34  3.125000e-02 -3.125000e-02
     vertex  0.000000e+00 -3.125000e-02 -3.125000e-02
     vertex -7.500000e-01 -3.125000e-02 -3.125000e-02
   endloop
 endfacet
 facet normal -0.000000e+00  0.000000e+00 -1.000000e+00
   outer loop
     vertex  2.343375e-34  3.125000e-02 -3.125000e-02
     vertex -7.500000e-01 -3.125000e-02 -3.125000e-02
     vertex -7.500000e-01  3.125000e-02 -3.125000e-02
   endloop
 endfacet
 facet normal  1.000000e+00  0.000000e+00  0.000000e+00
   outer loop
     vertex  7.500000e-01 -2.730263e-02  2.730263e-02
     vertex  7.500000e-01 -3.125000e-02  3.125000e-02
     vertex  7.500000e-01 -3.125000e-02 -3.125000e-02
   endloop
 endfacet
 facet normal  1.000000e+00  0.000000e+00  0.000000e+00
   outer loop
     vertex  7.500000e-01 -2.730263e-02  2.730263e-02
     vertex  7.500000e-01 -3.125000e-02 -3.125000e-02
     vertex  7.500000e-01 -2.730263e-02 -2.730263e-02
   endloop
 endfacet
 facet normal  1.000000e+00  0.000000e+00  0.000000e+00
   outer loop
     vertex  7.500000e-01  2.730263e-02 -2.730263e-02
     vertex  7.500000e-01 -3.125000e-02 -3.125000e-02
     vertex  7.500000e-01  3.125000e-02 -3.125000e-02
   endloop
 endfacet
 facet normal  1.000000e+00  0.000000e+00  0.000000e+00
   outer loop
     vertex  7.500000e-01  2.730263e-02 -2.730263e-02
     vertex  7.500000e-01 -2.730263e-02 -2.730263e-02
     vertex  7.500000e-01 -3.125000e-02 -3.125000e-02
   endloop
 endfacet
 facet normal  1.000000e+00  0.000000e+00  0.000000e+00
   outer loop
     vertex  7.500000e-01  3.125000e-02  3.125000e-02
     vertex  7.500000e-01  2.730263e-02  2.730263e-02
     vertex  7.500000e-01  2.730263e-02 -2.730263e-02
   endloop
 endfacet
 facet normal  1.000000e+00  0.000000e+00  0.000000e+00
   outer loop
     vertex  7.500000e-01  3.125000e-02  3.125000e-02
     vertex  7.500000e-01  2.730263e-02 -2.730263e-02
     vertex  7.500000e-01  3.125000e-02 -3.125000e-02
   endloop
 endfacet
 facet normal  1.000000e+00  0.000000e+00  0.000000e+00
   outer loop
     vertex  7.500000e-01  3.125000e-02  3.125000e-02
     vertex  7.500000e-01 -3.125000e-02  3.125000e-02
     vertex  7.500000e-01 -2.730263e-02  2.730263e-02
   endloop
 endfacet
 facet normal  1.000000e+00  0.000000e+00  0.000000e+00
   outer loop
     vertex  7.500000e-01  3.125000e-02  3.125000e-02
     vertex  7.500000e-01 -2.730263e-02  2.730263e-02
     vertex  7.500000e-01  2.730263e-02  2.730263e-02
   endloop
 endfacet
 facet normal  0.000000e+00  0.000000e+00  1.000000e+00
   outer loop
     vertex -3.827021e-18 -3.125000e-02  3.125000e-02
     vertex  7.500000e-01  3.125000e-02  3.125000e-02
     vertex -3.827021e-18  3.125000e-02  3.125000e-02
   endloop
 endfacet
 facet normal  0.000000e+00  0.000000e+00  1.000000e+00
   outer loop
     vertex -3.827021e-18 -3.125000e-02  3.125000e-02
     vertex  7.500000e-01 -3.125000e-02  3.125000e-02
     vertex  7.500000e-01  3.125000e-02  3.125000e-02
   endloop
 endfacet
 facet normal  0.000000e+00 -1.000000e+00  0.000000e+00
   outer loop
     vertex  0.000000e+00 -3.125000e-02 -3.125000e-02
     vertex -3.827021e-18 -3.125000e-02  3.125000e-02
     vertex -7.500000e-01 -3.125000e-02  3.125000e-02
   endloop
 endfacet
 facet normal  0.000000e+00 -1.000000e+00  0.000000e+00
   outer loop
     vertex  0.000000e+00 -3.125000e-02 -3.125000e-02
     vertex -7.500000e-01 -3.125000e-02  3.125000e-02
     vertex -7.500000e-01 -3.125000e-02 -3.125000e-02
   endloop
 endfacet
 facet normal  0.000000e+00  1.000000e+00  0.000000e+00
   outer loop
     vertex -3.827021e-18  3.125000e-02  3.125000e-02
     vertex  2.343375e-34  3.125000e-02 -3.125000e-02
     vertex -7.500000e-01  3.125000e-02 -3.125000e-02
   endloop
 endfacet
 facet normal  0.000000e+00  1.000000e+00  0.000000e+00
   outer loop
     vertex -3.827021e-18  3.125000e-02  3.125000e-02
     vertex -7.500000e-01  3.125000e-02 -3.125000e-02
     vertex -7.500000e-01  3.125000e-02  3.125000e-02
   endloop
 endfacet
 facet normal -1.000000e+00 -0.000000e+00  0.000000e+00
   outer loop
     vertex -7.500000e-01 -2.730263e-02  2.730263e-02
     vertex -7.500000e-01 -3.125000e-02 -3.125000e-02
     vertex -7.500000e-01 -3.125000e-02  3.125000e-02
   endloop
 endfacet
 facet normal -1.000000e+00  0.000000e+00 -0.000000e+00
   outer loop
     vertex -7.500000e-01 -2.730263e-02  2.730263e-02
     vertex -7.500000e-01 -2.730263e-02 -2.730263e-02
     vertex -7.500000e-01 -3.125000e-02 -3.125000e-02
   endloop
 endfacet
 facet normal -1.000000e+00  0.000000e+00 -0.000000e+00
   outer loop
     vertex -7.500000e-01  2.730263e-02 -2.730263e-02
     vertex -7.500000e-01  3.125000e-02 -3.125000e-02
     vertex -7.500000e-01 -3.125000e-02 -3.125000e-02
   endloop
 endfacet
 facet normal -1.000000e+00 -0.000000e+00  0.000000e+00
   outer loop
     vertex -7.500000e-01  2.730263e-02 -2.730263e-02
     vertex -7.500000e-01 -3.125000e-02 -3.125000e-02
     vertex -7.500000e-01 -2.730263e-02 -2.730263e-02
   endloop
 endfacet
 facet normal -1.000000e+00  0.000000e+00  0.000000e+00
   outer loop
     vertex -7.500000e-01  3.125000e-02  3.125000e-02
     vertex -7.500000e-01  2.730263e-02 -2.730263e-02
     vertex -7.500000e-01  2.730263e-02  2.730263e-02
   endloop
 endfacet
 facet normal -1.000000e+00  0.000000e+00 -0.000000e+00
   outer loop
     vertex -7.500000e-01  3.125000e-02  3.125000e-02
     vertex -7.500000e-01  3.125000e-02 -3.125000e-02
     vertex -7.500000e-01  2.730263e-02 -2.730263e-02
   endloop
 endfacet
 facet normal -1.000000e+00 -0.000000e+00  0.000000e+00
   outer loop
     vertex -7.500000e-01  3.125000e-02  3.125000e-02
     vertex -7.500000e-01 -2.730263e-02  2.730263e-02
     vertex -7.500000e-01 -3.125000e-02  3.125000e-02
   endloop
 endfacet
 facet normal -1.000000e+00  0.000000e+00  0.000000e+00
   outer loop
     vertex -7.500000e-01  3.125000e-02  3.125000e-02
     vertex -7.500000e-01  2.730263e-02  2.730263e-02
     vertex -7.500000e-01 -2.730263e-02  2.730263e-02
   endloop
 endfacet
 facet normal  0.000000e+00  0.000000e+00  1.000000e+00
   outer loop
     vertex -2.417066e-19  2.730263e-02 -2.730263e-02
     vertex -2.417066e-19 -2.730263e-02 -2.730263e-02
     vertex  7.500000e-01 -2.730263e-02 -2.730263e-02
   endloop
 endfacet
 facet normal -0.000000e+00  0.000000e+00  1.000000e+00
   outer loop
     vertex -2.417066e-19  2.730263e-02 -2.730263e-02
     vertex  7.500000e-01 -2.730263e-02 -2.730263e-02
     vertex  7.500000e-01  2.730263e-02 -2.730263e-02
   endloop
 endfacet
 facet normal  0.000000e+00 -1.000000e+00  0.000000e+00
   outer loop
     vertex -3.585315e-18  2.730263e-02  2.730263e-02
     vertex -2.417066e-19  2.730263e-02 -2.730263e-02
     vertex  7.500000e-01  2.730263e-02 -2.730263e-02
   endloop
 endfacet
 facet normal  0.000000e+00 -1.000000e+00  0.000000e+00
   outer loop
     vertex -3.585315e-18  2.730263e-02  2.730263e-02
     vertex  7.500000e-01  2.730263e-02 -2.730263e-02
     vertex  7.500000e-01  2.730263e-02  2.730263e-02
   endloop
 endfacet
 facet normal  0.000000e+00  0.000000e+00 -1.000000e+00
   outer loop
     vertex -3.585315e-18 -2.730263e-02  2.730263e-02
     vertex -3.585315e-18  2.730263e-02  2.730263e-02
     vertex  7.500000e-01  2.730263e-02  2.730263e-02
   endloop
 endfacet
 facet normal  0.000000e+00  0.000000e+00 -1.000000e+00
   outer loop
     vertex -3.585315e-18 -2.730263e-02  2.730263e-02
     vertex  7.500000e-01  2.730263e-02  2.730263e-02
     vertex  7.500000e-01 -2.730263e-02  2.730263e-02
   endloop
 endfacet
 facet normal  0.000000e+00  1.000000e+00 -0.000000e+00
   outer loop
     vertex -2.417066e-19 -2.730263e-02 -2.730263e-02
     vertex -3.585315e-18 -2.730263e-02  2.730263e-02
     vertex  7.500000e-01 -2.730263e-02  2.730263e-02
   endloop
 endfacet
 facet normal  0.000000e+00  1.000000e+00  0.000000e+00
   outer loop
     vertex -2.417066e-19 -2.730263e-02 -2.730263e-02
     vertex  7.500000e-01 -2.730263e-02  2.730263e-02
     vertex  7.500000e-01 -2.730263e-02 -2.730263e-02
   endloop
 endfacet
 facet normal  0.000000e+00 -0.000000e+00  1.000000e+00
   outer loop
     vertex -3.827021e-18 -3.125000e-02  3.125000e-02
     vertex -3.827021e-18  3.125000e-02  3.125000e-02
     vertex -7.500000e-01  3.125000e-02  3.125000e-02
   endloop
 endfacet
 facet normal  0.000000e+00  0.000000e+00  1.000000e+00
   outer loop
     vertex -3.827021e-18 -3.125000e-02  3.125000e-02
     vertex -7.500000e-01  3.125000e-02  3.125000e-02
     vertex -7.500000e-01 -3.125000e-02  3.125000e-02
   endloop
 endfacet
 facet normal  0.000000e+00  0.000000e+00  1.000000e+00
   outer loop
     vertex -2.417066e-19  2.730263e-02 -2.730263e-02
     vertex -7.500000e-01 -2.730263e-02 -2.730263e-02
     vertex -2.417066e-19 -2.730263e-02 -2.730263e-02
   endloop
 endfacet
 facet normal  0.000000e+00  0.000000e+00  1.000000e+00
   outer loop
     vertex -2.417066e-19  2.730263e-02 -2.730263e-02
     vertex -7.500000e-01  2.730263e-02 -2.730263e-02
     vertex -7.500000e-01 -2.730263e-02 -2.730263e-02
   endloop
 endfacet
 facet normal  0.000000e+00 -1.000000e+00 -0.000000e+00
   outer loop
     vertex -3.585315e-18  2.730263e-02  2.730263e-02
     vertex -7.500000e-01  2.730263e-02 -2.730263e-02
     vertex -2.417066e-19  2.730263e-02 -2.730263e-02
   endloop
 endfacet
 facet normal -0.000000e+00 -1.000000e+00  0.000000e+00
   outer loop
     vertex -3.585315e-18  2.730263e-02  2.730263e-02
     vertex -7.500000e-01  2.730263e-02  2.730263e-02
     vertex -7.500000e-01  2.730263e-02 -2.730263e-02
   endloop
 endfacet
 facet normal  0.000000e+00  0.000000e+00 -1.000000e+00
   outer loop
     vertex -3.585315e-18 -2.730263e-02  2.730263e-02
     vertex -7.500000e-01  2.730263e-02  2.730263e-02
     vertex -3.585315e-18  2.730263e-02  2.730263e-02
   endloop
 endfacet
 facet normal  0.000000e+00  0.000000e+00 -1.000000e+00
   outer loop
     vertex -3.585315e-18 -2.730263e-02  2.730263e-02
     vertex -7.500000e-01 -2.730263e-02  2.730263e-02
     vertex -7.500000e-01  2.730263e-02  2.730263e-02
   endloop
 endfacet
 facet normal  0.000000e+00  1.000000e+00  0.000000e+00
   outer loop
     vertex -2.417066e-19 -2.730263e-02 -2.730263e-02
     vertex -7.500000e-01 -2.730263e-02  2.730263e-02
     vertex -3.585315e-18 -2.730263e-02  2.730263e-02
   endloop
 endfacet
 facet normal  0.000000e+00  1.000000e+00  0.000000e+00
   outer loop
     vertex -2.417066e-19 -2.730263e-02 -2.730263e-02
     vertex -7.500000e-01 -2.730263e-02 -2.730263e-02
     vertex -7.500000e-01 -2.730263e-02  2.730263e-02
   endloop
 endfacet
endsolid
