solid 
 facet normal  0.000000e+00 -1.000000e+00  0.000000e+00
   outer loop
     vertex  7.500000e-01 -7.500000e-01  0.000000e+00
     vertex -7.500000e-01 -7.500000e-01  6.406250e-01
     vertex -7.500000e-01 -7.500000e-01  0.000000e+00
   endloop
 endfacet
 facet normal  0.000000e+00 -1.000000e+00  0.000000e+00
   outer loop
     vertex  7.500000e-01 -7.500000e-01  0.000000e+00
     vertex  7.500000e-01 -7.500000e-01  6.406250e-01
     vertex -7.500000e-01 -7.500000e-01  6.406250e-01
   endloop
 endfacet
 facet normal -1.000000e+00  0.000000e+00  0.000000e+00
   outer loop
     vertex -7.500000e-01 -7.500000e-01  0.000000e+00
     vertex -7.500000e-01  7.500000e-01  6.406250e-01
     vertex -7.500000e-01  7.500000e-01  0.000000e+00
   endloop
 endfacet
 facet normal -1.000000e+00  0.000000e+00  0.000000e+00
   outer loop
     vertex -7.500000e-01 -7.500000e-01  0.000000e+00
     vertex -7.500000e-01 -7.500000e-01  6.406250e-01
     vertex -7.500000e-01  7.500000e-01  6.406250e-01
   endloop
 endfacet
 facet normal  1.000000e+00  0.000000e+00  0.000000e+00
   outer loop
     vertex  7.500000e-01  7.500000e-01  0.000000e+00
     vertex  7.500000e-01 -7.500000e-01  6.406250e-01
     vertex  7.500000e-01 -7.500000e-01  0.000000e+00
   endloop
 endfacet
 facet normal  1.000000e+00  0.000000e+00 -0.000000e+00
   outer loop
     vertex  7.500000e-01  7.500000e-01  0.000000e+00
     vertex  7.500000e-01  7.500000e-01  6.406250e-01
     vertex  7.500000e-01 -7.500000e-01  6.406250e-01
   endloop
 endfacet
 facet normal  0.000000e+00 -0.000000e+00 -1.000000e+00
   outer loop
     vertex  7.500000e-01  7.500000e-01  0.000000e+00
     vertex  7.500000e-01 -7.500000e-01  0.000000e+00
     vertex -7.500000e-01 -7.500000e-01  0.000000e+00
   endloop
 endfacet
 facet normal -0.000000e+00  0.000000e+00 -1.000000e+00
   outer loop
     vertex  7.500000e-01  7.500000e-01  0.000000e+00
     vertex -7.500000e-01 -7.500000e-01  0.000000e+00
     vertex -7.500000e-01  7.500000e-01  0.000000e+00
   endloop
 endfacet
 facet normal  0.000000e+00  0.000000e+00  1.000000e+00
   outer loop
     vertex  5.781250e-01 -5.781250e-01  6.406250e-01
     vertex -7.500000e-01 -7.500000e-01  6.406250e-01
     vertex  7.500000e-01 -7.500000e-01  6.406250e-01
   endloop
 endfacet
 facet normal  0.000000e+00  0.000000e+00  1.000000e+00
   outer loop
     vertex  5.781250e-01 -5.781250e-01  6.406250e-01
     vertex -5.781250e-01 -5.781250e-01  6.406250e-01
     vertex -7.500000e-01 -7.500000e-01  6.406250e-01
   endloop
 endfacet
 facet normal  0.000000e+00  0.000000e+00  1.000000e+00
   outer loop
     vertex -5.781250e-01  5.781250e-01  6.406250e-01
     vertex -7.500000e-01  7.500000e-01  6.406250e-01
     vertex -7.500000e-01 -7.500000e-01  6.406250e-01
   endloop
 endfacet
 facet normal  0.000000e+00  0.000000e+00  1.000000e+00
   outer loop
     vertex -5.781250e-01  5.781250e-01  6.406250e-01
     vertex -7.500000e-01 -7.500000e-01  6.406250e-01
     vertex -5.781250e-01 -5.781250e-01  6.406250e-01
   endloop
 endfacet
 facet normal  0.000000e+00  0.000000e+00  1.000000e+00
   outer loop
     vertex  7.500000e-01  7.500000e-01  6.406250e-01
     vertex  5.781250e-01  5.781250e-01  6.406250e-01
     vertex  5.781250e-01 -5.781250e-01  6.406250e-01
   endloop
 endfacet
 facet normal  0.000000e+00  0.000000e+00  1.000000e+00
   outer loop
     vertex  7.500000e-01  7.500000e-01  6.406250e-01
     vertex  5.781250e-01 -5.781250e-01  6.406250e-01
     vertex  7.500000e-01 -7.500000e-01  6.406250e-01
   endloop
 endfacet
 facet normal  0.000000e+00  0.000000e+00  1.000000e+00
   outer loop
     vertex  7.500000e-01  7.500000e-01  6.406250e-01
     vertex -7.500000e-01  7.500000e-01  6.406250e-01
     vertex -5.781250e-01  5.781250e-01  6.406250e-01
   endloop
 endfacet
 facet normal  0.000000e+00  0.000000e+00  1.000000e+00
   outer loop
     vertex  7.500000e-01  7.500000e-01  6.406250e-01
     vertex -5.781250e-01  5.781250e-01  6.406250e-01
     vertex  5.781250e-01  5.781250e-01  6.406250e-01
   endloop
 endfacet
 facet normal  0.000000e+00  1.000000e+00  0.000000e+00
   outer loop
     vertex -7.500000e-01  7.500000e-01  0.000000e+00
     vertex  7.500000e-01  7.500000e-01  6.406250e-01
     vertex  7.500000e-01  7.500000e-01  0.000000e+00
   endloop
 endfacet
 facet normal  0.000000e+00  1.000000e+00  0.000000e+00
   outer loop
     vertex -7.500000e-01  7.500000e-01  0.000000e+00
     vertex -7.500000e-01  7.500000e-01  6.406250e-01
     vertex  7.500000e-01  7.500000e-01  6.406250e-01
   endloop
 endfacet
 facet normal  0.000000e+00  1.000000e+00  0.000000e+00
   outer loop
     vertex  5.781250e-01 -5.781250e-01  6.406250e-01
     vertex -5.781250e-01 -5.781250e-01  5.468750e-02
     vertex -5.781250e-01 -5.781250e-01  6.406250e-01
   endloop
 endfacet
 facet normal  0.000000e+00  1.000000e+00  0.000000e+00
   outer loop
     vertex  5.781250e-01 -5.781250e-01  6.406250e-01
     vertex  5.781250e-01 -5.781250e-01  5.468750e-02
     vertex -5.781250e-01 -5.781250e-01  5.468750e-02
   endloop
 endfacet
 facet normal -1.000000e+00 -0.000000e+00  0.000000e+00
   outer loop
     vertex  5.781250e-01  5.781250e-01  6.406250e-01
     vertex  5.781250e-01 -5.781250e-01  5.468750e-02
     vertex  5.781250e-01 -5.781250e-01  6.406250e-01
   endloop
 endfacet
 facet normal -1.000000e+00  0.000000e+00 -0.000000e+00
   outer loop
     vertex  5.781250e-01  5.781250e-01  6.406250e-01
     vertex  5.781250e-01  5.781250e-01  5.468750e-02
     vertex  5.781250e-01 -5.781250e-01  5.468750e-02
   endloop
 endfacet
 facet normal  0.000000e+00 -1.000000e+00  0.000000e+00
   outer loop
     vertex -5.781250e-01  5.781250e-01  6.406250e-01
     vertex  5.781250e-01  5.781250e-01  5.468750e-02
     vertex  5.781250e-01  5.781250e-01  6.406250e-01
   endloop
 endfacet
 facet normal  0.000000e+00 -1.000000e+00  0.000000e+00
   outer loop
     vertex -5.781250e-01  5.781250e-01  6.406250e-01
     vertex -5.781250e-01  5.781250e-01  5.468750e-02
     vertex  5.781250e-01  5.781250e-01  5.468750e-02
   endloop
 endfacet
 facet normal  1.000000e+00 -0.000000e+00  0.000000e+00
   outer loop
     vertex -5.781250e-01 -5.781250e-01  6.406250e-01
     vertex -5.781250e-01  5.781250e-01  5.468750e-02
     vertex -5.781250e-01  5.781250e-01  6.406250e-01
   endloop
 endfacet
 facet normal  1.000000e+00  0.000000e+00  0.000000e+00
   outer loop
     vertex -5.781250e-01 -5.781250e-01  6.406250e-01
     vertex -5.781250e-01 -5.781250e-01  5.468750e-02
     vertex -5.781250e-01  5.781250e-01  5.468750e-02
   endloop
 endfacet
 facet normal  0.000000e+00  0.000000e+00  1.000000e+00
   outer loop
     vertex  5.781250e-01  5.781250e-01  5.468750e-02
     vertex -5.781250e-01 -5.781250e-01  5.468750e-02
     vertex  5.781250e-01 -5.781250e-01  5.468750e-02
   endloop
 endfacet
 facet normal  0.000000e+00  0.000000e+00  1.000000e+00
   outer loop
     vertex  5.781250e-01  5.781250e-01  5.468750e-02
     vertex -5.781250e-01  5.781250e-01  5.468750e-02
     vertex -5.781250e-01 -5.781250e-01  5.468750e-02
   endloop
 endfacet
endsolid
