solid 
 facet normal  0.000000e+00  0.000000e+00 -1.000000e+00
   outer loop
     vertex  4.687500e-01  5.740532e-17 -4.687500e-01
     vertex -4.687500e-01 -7.500000e-01 -4.687500e-01
     vertex -4.687500e-01  0.000000e+00 -4.687500e-01
   endloop
 endfacet
 facet normal  0.000000e+00 -0.000000e+00 -1.000000e+00
   outer loop
     vertex  4.687500e-01  5.740532e-17 -4.687500e-01
     vertex  4.687500e-01 -7.500000e-01 -4.687500e-01
     vertex -4.687500e-01 -7.500000e-01 -4.687500e-01
   endloop
 endfacet
 facet normal -1.000000e+00  0.000000e+00  0.000000e+00
   outer loop
     vertex -4.687500e-01  0.000000e+00 -4.687500e-01
     vertex -4.687500e-01 -7.500000e-01  4.687500e-01
     vertex -4.687500e-01  5.740532e-17  4.687500e-01
   endloop
 endfacet
 facet normal -1.000000e+00  0.000000e+00  0.000000e+00
   outer loop
     vertex -4.687500e-01  0.000000e+00 -4.687500e-01
     vertex -4.687500e-01 -7.500000e-01 -4.687500e-01
     vertex -4.687500e-01 -7.500000e-01  4.687500e-01
   endloop
 endfacet
 facet normal  1.000000e+00  0.000000e+00  0.000000e+00
   outer loop
     vertex  4.687500e-01  1.148106e-16  4.687500e-01
     vertex  4.687500e-01 -7.500000e-01 -4.687500e-01
     vertex  4.687500e-01  5.740532e-17 -4.687500e-01
   endloop
 endfacet
 facet normal  1.000000e+00  0.000000e+00  0.000000e+00
   outer loop
     vertex  4.687500e-01  1.148106e-16  4.687500e-01
     vertex  4.687500e-01 -7.500000e-01  4.687500e-01
     vertex  4.687500e-01 -7.500000e-01 -4.687500e-01
   endloop
 endfacet
 facet normal -6.123234e-17  1.000000e+00  1.836970e-16
   outer loop
     vertex  2.343750e-01  0.000000e+00 -2.343750e-01
     vertex  4.687500e-01  5.740532e-17 -4.687500e-01
     vertex -4.687500e-01  0.000000e+00 -4.687500e-01
   endloop
 endfacet
 facet normal  0.000000e+00  1.000000e+00  0.000000e+00
   outer loop
     vertex  2.343750e-01  0.000000e+00 -2.343750e-01
     vertex -4.687500e-01  0.000000e+00 -4.687500e-01
     vertex -2.343750e-01  0.000000e+00 -2.343750e-01
   endloop
 endfacet
 facet normal  1.836970e-16  1.000000e+00 -6.123234e-17
   outer loop
     vertex -2.343750e-01  0.000000e+00  2.343750e-01
     vertex -4.687500e-01  0.000000e+00 -4.687500e-01
     vertex -4.687500e-01  5.740532e-17  4.687500e-01
   endloop
 endfacet
 facet normal  0.000000e+00  1.000000e+00  0.000000e+00
   outer loop
     vertex -2.343750e-01  0.000000e+00  2.343750e-01
     vertex -2.343750e-01  0.000000e+00 -2.343750e-01
     vertex -4.687500e-01  0.000000e+00 -4.687500e-01
   endloop
 endfacet
 facet normal -2.368476e-16  1.000000e+00  2.206840e-16
   outer loop
     vertex  4.687500e-01  1.148106e-16  4.687500e-01
     vertex  2.343750e-01  1.110223e-16  2.343750e-01
     vertex -2.343750e-01  0.000000e+00  2.343750e-01
   endloop
 endfacet
 facet normal  2.206840e-16  1.000000e+00 -2.368476e-16
   outer loop
     vertex  4.687500e-01  1.148106e-16  4.687500e-01
     vertex  2.343750e-01  0.000000e+00 -2.343750e-01
     vertex  2.343750e-01  1.110223e-16  2.343750e-01
   endloop
 endfacet
 facet normal -3.061617e-16  1.000000e+00 -6.123234e-17
   outer loop
     vertex  4.687500e-01  1.148106e-16  4.687500e-01
     vertex  4.687500e-01  5.740532e-17 -4.687500e-01
     vertex  2.343750e-01  0.000000e+00 -2.343750e-01
   endloop
 endfacet
 facet normal -6.123234e-17  1.000000e+00 -3.061617e-16
   outer loop
     vertex  4.687500e-01  1.148106e-16  4.687500e-01
     vertex -2.343750e-01  0.000000e+00  2.343750e-01
     vertex -4.687500e-01  5.740532e-17  4.687500e-01
   endloop
 endfacet
 facet normal  0.000000e+00 -1.000000e+00 -0.000000e+00
   outer loop
     vertex  2.343750e-01 -7.500000e-01 -2.343750e-01
     vertex -4.687500e-01 -7.500000e-01 -4.687500e-01
     vertex  4.687500e-01 -7.500000e-01 -4.687500e-01
   endloop
 endfacet
 facet normal -0.000000e+00 -1.000000e+00  0.000000e+00
   outer loop
     vertex  2.343750e-01 -7.500000e-01 -2.343750e-01
     vertex -2.343750e-01 -7.500000e-01 -2.343750e-01
     vertex -4.687500e-01 -7.500000e-01 -4.687500e-01
   endloop
 endfacet
 facet normal -0.000000e+00 -1.000000e+00  0.000000e+00
   outer loop
     vertex -2.343750e-01 -7.500000e-01  2.343750e-01
     vertex -4.687500e-01 -7.500000e-01  4.687500e-01
     vertex -4.687500e-01 -7.500000e-01 -4.687500e-01
   endloop
 endfacet
 facet normal  0.000000e+00 -1.000000e+00 -0.000000e+00
   outer loop
     vertex -2.343750e-01 -7.500000e-01  2.343750e-01
     vertex -4.687500e-01 -7.500000e-01 -4.687500e-01
     vertex -2.343750e-01 -7.500000e-01 -2.343750e-01
   endloop
 endfacet
 facet normal  0.000000e+00 -1.000000e+00  0.000000e+00
   outer loop
     vertex  4.687500e-01 -7.500000e-01  4.687500e-01
     vertex -2.343750e-01 -7.500000e-01  2.343750e-01
     vertex  2.343750e-01 -7.500000e-01  2.343750e-01
   endloop
 endfacet
 facet normal  0.000000e+00 -1.000000e+00  0.000000e+00
   outer loop
     vertex  4.687500e-01 -7.500000e-01  4.687500e-01
     vertex  2.343750e-01 -7.500000e-01  2.343750e-01
     vertex  2.343750e-01 -7.500000e-01 -2.343750e-01
   endloop
 endfacet
 facet normal  0.000000e+00 -1.000000e+00 -0.000000e+00
   outer loop
     vertex  4.687500e-01 -7.500000e-01  4.687500e-01
     vertex  2.343750e-01 -7.500000e-01 -2.343750e-01
     vertex  4.687500e-01 -7.500000e-01 -4.687500e-01
   endloop
 endfacet
 facet normal -0.000000e+00 -1.000000e+00  0.000000e+00
   outer loop
     vertex  4.687500e-01 -7.500000e-01  4.687500e-01
     vertex -4.687500e-01 -7.500000e-01  4.687500e-01
     vertex -2.343750e-01 -7.500000e-01  2.343750e-01
   endloop
 endfacet
 facet normal -0.000000e+00  0.000000e+00  1.000000e+00
   outer loop
     vertex -4.687500e-01  5.740532e-17  4.687500e-01
     vertex  4.687500e-01 -7.500000e-01  4.687500e-01
     vertex  4.687500e-01  1.148106e-16  4.687500e-01
   endloop
 endfacet
 facet normal  0.000000e+00  0.000000e+00  1.000000e+00
   outer loop
     vertex -4.687500e-01  5.740532e-17  4.687500e-01
     vertex -4.687500e-01 -7.500000e-01  4.687500e-01
     vertex  4.687500e-01 -7.500000e-01  4.687500e-01
   endloop
 endfacet
 facet normal  0.000000e+00  0.000000e+00  1.000000e+00
   outer loop
     vertex  2.343750e-01 -7.500000e-01 -2.343750e-01
     vertex -2.343750e-01  0.000000e+00 -2.343750e-01
     vertex -2.343750e-01 -7.500000e-01 -2.343750e-01
   endloop
 endfacet
 facet normal  0.000000e+00 -0.000000e+00  1.000000e+00
   outer loop
     vertex  2.343750e-01 -7.500000e-01 -2.343750e-01
     vertex  2.343750e-01  0.000000e+00 -2.343750e-01
     vertex -2.343750e-01  0.000000e+00 -2.343750e-01
   endloop
 endfacet
 facet normal -1.000000e+00  0.000000e+00  0.000000e+00
   outer loop
     vertex  2.343750e-01 -7.500000e-01  2.343750e-01
     vertex  2.343750e-01  0.000000e+00 -2.343750e-01
     vertex  2.343750e-01 -7.500000e-01 -2.343750e-01
   endloop
 endfacet
 facet normal -1.000000e+00  0.000000e+00  0.000000e+00
   outer loop
     vertex  2.343750e-01 -7.500000e-01  2.343750e-01
     vertex  2.343750e-01  1.110223e-16  2.343750e-01
     vertex  2.343750e-01  0.000000e+00 -2.343750e-01
   endloop
 endfacet
 facet normal  0.000000e+00  0.000000e+00 -1.000000e+00
   outer loop
     vertex -2.343750e-01 -7.500000e-01  2.343750e-01
     vertex  2.343750e-01  1.110223e-16  2.343750e-01
     vertex  2.343750e-01 -7.500000e-01  2.343750e-01
   endloop
 endfacet
 facet normal  0.000000e+00  0.000000e+00 -1.000000e+00
   outer loop
     vertex -2.343750e-01 -7.500000e-01  2.343750e-01
     vertex -2.343750e-01  0.000000e+00  2.343750e-01
     vertex  2.343750e-01  1.110223e-16  2.343750e-01
   endloop
 endfacet
 facet normal  1.000000e+00  0.000000e+00  0.000000e+00
   outer loop
     vertex -2.343750e-01 -7.500000e-01 -2.343750e-01
     vertex -2.343750e-01  0.000000e+00  2.343750e-01
     vertex -2.343750e-01 -7.500000e-01  2.343750e-01
   endloop
 endfacet
 facet normal  1.000000e+00  0.000000e+00  0.000000e+00
   outer loop
     vertex -2.343750e-01 -7.500000e-01 -2.343750e-01
     vertex -2.343750e-01  0.000000e+00 -2.343750e-01
     vertex -2.343750e-01  0.000000e+00  2.343750e-01
   endloop
 endfacet
endsolid
