solid 
 facet normal  0.000000e+00 -1.000000e+00  0.000000e+00
   outer loop
     vertex  3.125000e-02 -3.906250e-02  0.000000e+00
     vertex -3.906250e-02 -3.906250e-02  7.500000e-01
     vertex -3.906250e-02 -3.906250e-02  0.000000e+00
   endloop
 endfacet
 facet normal  0.000000e+00 -1.000000e+00  0.000000e+00
   outer loop
     vertex  3.125000e-02 -3.906250e-02  0.000000e+00
     vertex  3.125000e-02 -3.906250e-02  7.500000e-01
     vertex -3.906250e-02 -3.906250e-02  7.500000e-01
   endloop
 endfacet
 facet normal -1.000000e+00  0.000000e+00  0.000000e+00
   outer loop
     vertex -3.906250e-02 -3.906250e-02  0.000000e+00
     vertex -3.906250e-02  3.125000e-02  7.500000e-01
     vertex -3.906250e-02  3.125000e-02  0.000000e+00
   endloop
 endfacet
 facet normal -1.000000e+00  0.000000e+00  0.000000e+00
   outer loop
     vertex -3.906250e-02 -3.906250e-02  0.000000e+00
     vertex -3.906250e-02 -3.906250e-02  7.500000e-01
     vertex -3.906250e-02  3.125000e-02  7.500000e-01
   endloop
 endfacet
 facet normal  1.000000e+00  0.000000e+00  0.000000e+00
   outer loop
     vertex  3.125000e-02  3.125000e-02  0.000000e+00
     vertex  3.125000e-02 -3.906250e-02  7.500000e-01
     vertex  3.125000e-02 -3.906250e-02  0.000000e+00
   endloop
 endfacet
 facet normal  1.000000e+00  0.000000e+00 -0.000000e+00
   outer loop
     vertex  3.125000e-02  3.125000e-02  0.000000e+00
     vertex  3.125000e-02  3.125000e-02  7.500000e-01
     vertex  3.125000e-02 -3.906250e-02  7.500000e-01
   endloop
 endfacet
 facet normal -0.000000e+00 -1.000000e+00  0.000000e+00
   outer loop
     vertex  3.125000e-02 -3.906250e-02  0.000000e+00
     vertex -3.906250e-02 -3.906250e-02  0.000000e+00
     vertex -3.906250e-02 -3.906250e-02 -7.500000e-01
   endloop
 endfacet
 facet normal  0.000000e+00 -1.000000e+00 -0.000000e+00
   outer loop
     vertex  3.125000e-02 -3.906250e-02  0.000000e+00
     vertex -3.906250e-02 -3.906250e-02 -7.500000e-01
     vertex  3.125000e-02 -3.906250e-02 -7.500000e-01
   endloop
 endfacet
 facet normal  0.000000e+00  0.000000e+00  1.000000e+00
   outer loop
     vertex  3.125000e-02 -3.906250e-02  7.500000e-01
     vertex  2.976974e-02 -3.758224e-02  7.500000e-01
     vertex -3.758224e-02 -3.758224e-02  7.500000e-01
   endloop
 endfacet
 facet normal  0.000000e+00  0.000000e+00  1.000000e+00
   outer loop
     vertex  3.125000e-02 -3.906250e-02  7.500000e-01
     vertex -3.758224e-02 -3.758224e-02  7.500000e-01
     vertex -3.906250e-02 -3.906250e-02  7.500000e-01
   endloop
 endfacet
 facet normal  0.000000e+00  0.000000e+00  1.000000e+00
   outer loop
     vertex -3.906250e-02  3.125000e-02  7.500000e-01
     vertex -3.758224e-02 -3.758224e-02  7.500000e-01
     vertex -3.758224e-02  2.976974e-02  7.500000e-01
   endloop
 endfacet
 facet normal  0.000000e+00  0.000000e+00  1.000000e+00
   outer loop
     vertex -3.906250e-02  3.125000e-02  7.500000e-01
     vertex -3.906250e-02 -3.906250e-02  7.500000e-01
     vertex -3.758224e-02 -3.758224e-02  7.500000e-01
   endloop
 endfacet
 facet normal  0.000000e+00  0.000000e+00  1.000000e+00
   outer loop
     vertex  3.125000e-02  3.125000e-02  7.500000e-01
     vertex  2.976974e-02  2.976974e-02  7.500000e-01
     vertex  2.976974e-02 -3.758224e-02  7.500000e-01
   endloop
 endfacet
 facet normal  0.000000e+00  0.000000e+00  1.000000e+00
   outer loop
     vertex  3.125000e-02  3.125000e-02  7.500000e-01
     vertex  2.976974e-02 -3.758224e-02  7.500000e-01
     vertex  3.125000e-02 -3.906250e-02  7.500000e-01
   endloop
 endfacet
 facet normal  0.000000e+00  0.000000e+00  1.000000e+00
   outer loop
     vertex  3.125000e-02  3.125000e-02  7.500000e-01
     vertex -3.906250e-02  3.125000e-02  7.500000e-01
     vertex -3.758224e-02  2.976974e-02  7.500000e-01
   endloop
 endfacet
 facet normal  0.000000e+00  0.000000e+00  1.000000e+00
   outer loop
     vertex  3.125000e-02  3.125000e-02  7.500000e-01
     vertex -3.758224e-02  2.976974e-02  7.500000e-01
     vertex  2.976974e-02  2.976974e-02  7.500000e-01
   endloop
 endfacet
 facet normal  0.000000e+00  1.000000e+00  0.000000e+00
   outer loop
     vertex -3.906250e-02  3.125000e-02  0.000000e+00
     vertex  3.125000e-02  3.125000e-02  7.500000e-01
     vertex  3.125000e-02  3.125000e-02  0.000000e+00
   endloop
 endfacet
 facet normal  0.000000e+00  1.000000e+00  0.000000e+00
   outer loop
     vertex -3.906250e-02  3.125000e-02  0.000000e+00
     vertex -3.906250e-02  3.125000e-02  7.500000e-01
     vertex  3.125000e-02  3.125000e-02  7.500000e-01
   endloop
 endfacet
 facet normal -1.000000e+00  0.000000e+00  0.000000e+00
   outer loop
     vertex -3.906250e-02 -3.906250e-02  0.000000e+00
     vertex -3.906250e-02  3.125000e-02  0.000000e+00
     vertex -3.906250e-02  3.125000e-02 -7.500000e-01
   endloop
 endfacet
 facet normal -1.000000e+00  0.000000e+00  0.000000e+00
   outer loop
     vertex -3.906250e-02 -3.906250e-02  0.000000e+00
     vertex -3.906250e-02  3.125000e-02 -7.500000e-01
     vertex -3.906250e-02 -3.906250e-02 -7.500000e-01
   endloop
 endfacet
 facet normal  1.000000e+00  0.000000e+00  0.000000e+00
   outer loop
     vertex  3.125000e-02  3.125000e-02  0.000000e+00
     vertex  3.125000e-02 -3.906250e-02  0.000000e+00
     vertex  3.125000e-02 -3.906250e-02 -7.500000e-01
   endloop
 endfacet
 facet normal  1.000000e+00  0.000000e+00  0.000000e+00
   outer loop
     vertex  3.125000e-02  3.125000e-02  0.000000e+00
     vertex  3.125000e-02 -3.906250e-02 -7.500000e-01
     vertex  3.125000e-02  3.125000e-02 -7.500000e-01
   endloop
 endfacet
 facet normal  0.000000e+00  0.000000e+00 -1.000000e+00
   outer loop
     vertex  3.125000e-02 -3.906250e-02 -7.500000e-01
     vertex -3.758224e-02 -3.758224e-02 -7.500000e-01
     vertex  2.976974e-02 -3.758224e-02 -7.500000e-01
   endloop
 endfacet
 facet normal  0.000000e+00  0.000000e+00 -1.000000e+00
   outer loop
     vertex  3.125000e-02 -3.906250e-02 -7.500000e-01
     vertex -3.906250e-02 -3.906250e-02 -7.500000e-01
     vertex -3.758224e-02 -3.758224e-02 -7.500000e-01
   endloop
 endfacet
 facet normal  0.000000e+00  0.000000e+00 -1.000000e+00
   outer loop
     vertex -3.906250e-02  3.125000e-02 -7.500000e-01
     vertex -3.758224e-02  2.976974e-02 -7.500000e-01
     vertex -3.758224e-02 -3.758224e-02 -7.500000e-01
   endloop
 endfacet
 facet normal  0.000000e+00  0.000000e+00 -1.000000e+00
   outer loop
     vertex -3.906250e-02  3.125000e-02 -7.500000e-01
     vertex -3.758224e-02 -3.758224e-02 -7.500000e-01
     vertex -3.906250e-02 -3.906250e-02 -7.500000e-01
   endloop
 endfacet
 facet normal  0.000000e+00  0.000000e+00 -1.000000e+00
   outer loop
     vertex  3.125000e-02  3.125000e-02 -7.500000e-01
     vertex  2.976974e-02 -3.758224e-02 -7.500000e-01
     vertex  2.976974e-02  2.976974e-02 -7.500000e-01
   endloop
 endfacet
 facet normal  0.000000e+00 -0.000000e+00 -1.000000e+00
   outer loop
     vertex  3.125000e-02  3.125000e-02 -7.500000e-01
     vertex  3.125000e-02 -3.906250e-02 -7.500000e-01
     vertex  2.976974e-02 -3.758224e-02 -7.500000e-01
   endloop
 endfacet
 facet normal -0.000000e+00  0.000000e+00 -1.000000e+00
   outer loop
     vertex  3.125000e-02  3.125000e-02 -7.500000e-01
     vertex -3.758224e-02  2.976974e-02 -7.500000e-01
     vertex -3.906250e-02  3.125000e-02 -7.500000e-01
   endloop
 endfacet
 facet normal  0.000000e+00  0.000000e+00 -1.000000e+00
   outer loop
     vertex  3.125000e-02  3.125000e-02 -7.500000e-01
     vertex  2.976974e-02  2.976974e-02 -7.500000e-01
     vertex -3.758224e-02  2.976974e-02 -7.500000e-01
   endloop
 endfacet
 facet normal  0.000000e+00  1.000000e+00  0.000000e+00
   outer loop
     vertex  2.976974e-02 -3.758224e-02  0.000000e+00
     vertex -3.758224e-02 -3.758224e-02  0.000000e+00
     vertex -3.758224e-02 -3.758224e-02  7.500000e-01
   endloop
 endfacet
 facet normal  0.000000e+00  1.000000e+00 -0.000000e+00
   outer loop
     vertex  2.976974e-02 -3.758224e-02  0.000000e+00
     vertex -3.758224e-02 -3.758224e-02  7.500000e-01
     vertex  2.976974e-02 -3.758224e-02  7.500000e-01
   endloop
 endfacet
 facet normal -1.000000e+00  0.000000e+00  0.000000e+00
   outer loop
     vertex  2.976974e-02  2.976974e-02  0.000000e+00
     vertex  2.976974e-02 -3.758224e-02  0.000000e+00
     vertex  2.976974e-02 -3.758224e-02  7.500000e-01
   endloop
 endfacet
 facet normal -1.000000e+00  0.000000e+00  0.000000e+00
   outer loop
     vertex  2.976974e-02  2.976974e-02  0.000000e+00
     vertex  2.976974e-02 -3.758224e-02  7.500000e-01
     vertex  2.976974e-02  2.976974e-02  7.500000e-01
   endloop
 endfacet
 facet normal  0.000000e+00 -1.000000e+00  0.000000e+00
   outer loop
     vertex -3.758224e-02  2.976974e-02  0.000000e+00
     vertex  2.976974e-02  2.976974e-02  0.000000e+00
     vertex  2.976974e-02  2.976974e-02  7.500000e-01
   endloop
 endfacet
 facet normal  0.000000e+00 -1.000000e+00  0.000000e+00
   outer loop
     vertex -3.758224e-02  2.976974e-02  0.000000e+00
     vertex  2.976974e-02  2.976974e-02  7.500000e-01
     vertex -3.758224e-02  2.976974e-02  7.500000e-01
   endloop
 endfacet
 facet normal  1.000000e+00  0.000000e+00  0.000000e+00
   outer loop
     vertex -3.758224e-02 -3.758224e-02  0.000000e+00
     vertex -3.758224e-02  2.976974e-02  0.000000e+00
     vertex -3.758224e-02  2.976974e-02  7.500000e-01
   endloop
 endfacet
 facet normal  1.000000e+00  0.000000e+00  0.000000e+00
   outer loop
     vertex -3.758224e-02 -3.758224e-02  0.000000e+00
     vertex -3.758224e-02  2.976974e-02  7.500000e-01
     vertex -3.758224e-02 -3.758224e-02  7.500000e-01
   endloop
 endfacet
 facet normal -0.000000e+00  1.000000e+00  0.000000e+00
   outer loop
     vertex -3.906250e-02  3.125000e-02  0.000000e+00
     vertex  3.125000e-02  3.125000e-02  0.000000e+00
     vertex  3.125000e-02  3.125000e-02 -7.500000e-01
   endloop
 endfacet
 facet normal  0.000000e+00  1.000000e+00  0.000000e+00
   outer loop
     vertex -3.906250e-02  3.125000e-02  0.000000e+00
     vertex  3.125000e-02  3.125000e-02 -7.500000e-01
     vertex -3.906250e-02  3.125000e-02 -7.500000e-01
   endloop
 endfacet
 facet normal  0.000000e+00  1.000000e+00  0.000000e+00
   outer loop
     vertex  2.976974e-02 -3.758224e-02  0.000000e+00
     vertex -3.758224e-02 -3.758224e-02 -7.500000e-01
     vertex -3.758224e-02 -3.758224e-02  0.000000e+00
   endloop
 endfacet
 facet normal  0.000000e+00  1.000000e+00  0.000000e+00
   outer loop
     vertex  2.976974e-02 -3.758224e-02  0.000000e+00
     vertex  2.976974e-02 -3.758224e-02 -7.500000e-01
     vertex -3.758224e-02 -3.758224e-02 -7.500000e-01
   endloop
 endfacet
 facet normal -1.000000e+00 -0.000000e+00  0.000000e+00
   outer loop
     vertex  2.976974e-02  2.976974e-02  0.000000e+00
     vertex  2.976974e-02 -3.758224e-02 -7.500000e-01
     vertex  2.976974e-02 -3.758224e-02  0.000000e+00
   endloop
 endfacet
 facet normal -1.000000e+00  0.000000e+00 -0.000000e+00
   outer loop
     vertex  2.976974e-02  2.976974e-02  0.000000e+00
     vertex  2.976974e-02  2.976974e-02 -7.500000e-01
     vertex  2.976974e-02 -3.758224e-02 -7.500000e-01
   endloop
 endfacet
 facet normal  0.000000e+00 -1.000000e+00  0.000000e+00
   outer loop
     vertex -3.758224e-02  2.976974e-02  0.000000e+00
     vertex  2.976974e-02  2.976974e-02 -7.500000e-01
     vertex  2.976974e-02  2.976974e-02  0.000000e+00
   endloop
 endfacet
 facet normal  0.000000e+00 -1.000000e+00  0.000000e+00
   outer loop
     vertex -3.758224e-02  2.976974e-02  0.000000e+00
     vertex -3.758224e-02  2.976974e-02 -7.500000e-01
     vertex  2.976974e-02  2.976974e-02 -7.500000e-01
   endloop
 endfacet
 facet normal  1.000000e+00 -0.000000e+00  0.000000e+00
   outer loop
     vertex -3.758224e-02 -3.758224e-02  0.000000e+00
     vertex -3.758224e-02  2.976974e-02 -7.500000e-01
     vertex -3.758224e-02  2.976974e-02  0.000000e+00
   endloop
 endfacet
 facet normal  1.000000e+00  0.000000e+00  0.000000e+00
   outer loop
     vertex -3.758224e-02 -3.758224e-02  0.000000e+00
     vertex -3.758224e-02 -3.758224e-02 -7.500000e-01
     vertex -3.758224e-02  2.976974e-02 -7.500000e-01
   endloop
 endfacet
endsolid
