solid 
 facet normal  0.000000e+00  0.000000e+00 -1.000000e+00
   outer loop
     vertex  5.468750e-02  6.218910e-18 -4.687500e-02
     vertex -4.687500e-02 -7.500000e-01 -4.687500e-02
     vertex -4.687500e-02  0.000000e+00 -4.687500e-02
   endloop
 endfacet
 facet normal  0.000000e+00 -0.000000e+00 -1.000000e+00
   outer loop
     vertex  5.468750e-02  6.218910e-18 -4.687500e-02
     vertex  5.468750e-02 -7.500000e-01 -4.687500e-02
     vertex -4.687500e-02 -7.500000e-01 -4.687500e-02
   endloop
 endfacet
 facet normal  1.000000e+00  0.000000e+00  0.000000e+00
   outer loop
     vertex  5.468750e-02  1.243782e-17  5.468750e-02
     vertex  5.468750e-02 -7.500000e-01 -4.687500e-02
     vertex  5.468750e-02  6.218910e-18 -4.687500e-02
   endloop
 endfacet
 facet normal  1.000000e+00  0.000000e+00  0.000000e+00
   outer loop
     vertex  5.468750e-02  1.243782e-17  5.468750e-02
     vertex  5.468750e-02 -7.500000e-01  5.468750e-02
     vertex  5.468750e-02 -7.500000e-01 -4.687500e-02
   endloop
 endfacet
 facet normal -0.000000e+00  0.000000e+00  1.000000e+00
   outer loop
     vertex -4.687500e-02  6.218910e-18  5.468750e-02
     vertex  5.468750e-02 -7.500000e-01  5.468750e-02
     vertex  5.468750e-02  1.243782e-17  5.468750e-02
   endloop
 endfacet
 facet normal  0.000000e+00  0.000000e+00  1.000000e+00
   outer loop
     vertex -4.687500e-02  6.218910e-18  5.468750e-02
     vertex -4.687500e-02 -7.500000e-01  5.468750e-02
     vertex  5.468750e-02 -7.500000e-01  5.468750e-02
   endloop
 endfacet
 facet normal -1.000000e+00  0.000000e+00  0.000000e+00
   outer loop
     vertex -4.687500e-02  0.000000e+00 -4.687500e-02
     vertex -4.687500e-02 -7.500000e-01  5.468750e-02
     vertex -4.687500e-02  6.218910e-18  5.468750e-02
   endloop
 endfacet
 facet normal -1.000000e+00  0.000000e+00  0.000000e+00
   outer loop
     vertex -4.687500e-02  0.000000e+00 -4.687500e-02
     vertex -4.687500e-02 -7.500000e-01 -4.687500e-02
     vertex -4.687500e-02 -7.500000e-01  5.468750e-02
   endloop
 endfacet
 facet normal  0.000000e+00  0.000000e+00  1.000000e+00
   outer loop
     vertex  5.361842e-02  6.218910e-18 -4.580592e-02
     vertex -4.580592e-02  1.309244e-19 -4.580592e-02
     vertex -4.580592e-02 -7.500000e-01 -4.580592e-02
   endloop
 endfacet
 facet normal  0.000000e+00  0.000000e+00  1.000000e+00
   outer loop
     vertex  5.361842e-02  6.218910e-18 -4.580592e-02
     vertex -4.580592e-02 -7.500000e-01 -4.580592e-02
     vertex  5.361842e-02 -7.500000e-01 -4.580592e-02
   endloop
 endfacet
 facet normal -1.000000e+00  0.000000e+00  0.000000e+00
   outer loop
     vertex  5.361842e-02  1.230689e-17  5.361842e-02
     vertex  5.361842e-02  6.218910e-18 -4.580592e-02
     vertex  5.361842e-02 -7.500000e-01 -4.580592e-02
   endloop
 endfacet
 facet normal -1.000000e+00 -0.000000e+00  0.000000e+00
   outer loop
     vertex  5.361842e-02  1.230689e-17  5.361842e-02
     vertex  5.361842e-02 -7.500000e-01 -4.580592e-02
     vertex  5.361842e-02 -7.500000e-01  5.361842e-02
   endloop
 endfacet
 facet normal  0.000000e+00  0.000000e+00 -1.000000e+00
   outer loop
     vertex -4.580592e-02  6.218910e-18  5.361842e-02
     vertex  5.361842e-02  1.230689e-17  5.361842e-02
     vertex  5.361842e-02 -7.500000e-01  5.361842e-02
   endloop
 endfacet
 facet normal  0.000000e+00  0.000000e+00 -1.000000e+00
   outer loop
     vertex -4.580592e-02  6.218910e-18  5.361842e-02
     vertex  5.361842e-02 -7.500000e-01  5.361842e-02
     vertex -4.580592e-02 -7.500000e-01  5.361842e-02
   endloop
 endfacet
 facet normal  1.000000e+00  0.000000e+00 -0.000000e+00
   outer loop
     vertex -4.580592e-02  1.309244e-19 -4.580592e-02
     vertex -4.580592e-02  6.218910e-18  5.361842e-02
     vertex -4.580592e-02 -7.500000e-01  5.361842e-02
   endloop
 endfacet
 facet normal  1.000000e+00  0.000000e+00  0.000000e+00
   outer loop
     vertex -4.580592e-02  1.309244e-19 -4.580592e-02
     vertex -4.580592e-02 -7.500000e-01  5.361842e-02
     vertex -4.580592e-02 -7.500000e-01 -4.580592e-02
   endloop
 endfacet
 facet normal -6.123234e-17  1.000000e+00 -6.123234e-17
   outer loop
     vertex  5.468750e-02  6.218910e-18 -4.687500e-02
     vertex -4.580592e-02  1.309244e-19 -4.580592e-02
     vertex  5.361842e-02  6.218910e-18 -4.580592e-02
   endloop
 endfacet
 facet normal -6.123234e-17  1.000000e+00 -6.123234e-17
   outer loop
     vertex  5.468750e-02  6.218910e-18 -4.687500e-02
     vertex -4.687500e-02  0.000000e+00 -4.687500e-02
     vertex -4.580592e-02  1.309244e-19 -4.580592e-02
   endloop
 endfacet
 facet normal -6.123234e-17  1.000000e+00 -6.123234e-17
   outer loop
     vertex -4.580592e-02  6.218910e-18  5.361842e-02
     vertex -4.687500e-02  0.000000e+00 -4.687500e-02
     vertex -4.687500e-02  6.218910e-18  5.468750e-02
   endloop
 endfacet
 facet normal -6.123234e-17  1.000000e+00 -6.123234e-17
   outer loop
     vertex -4.580592e-02  6.218910e-18  5.361842e-02
     vertex -4.580592e-02  1.309244e-19 -4.580592e-02
     vertex -4.687500e-02  0.000000e+00 -4.687500e-02
   endloop
 endfacet
 facet normal -6.123234e-17  1.000000e+00 -6.123234e-17
   outer loop
     vertex  5.468750e-02  1.243782e-17  5.468750e-02
     vertex  5.361842e-02  6.218910e-18 -4.580592e-02
     vertex  5.361842e-02  1.230689e-17  5.361842e-02
   endloop
 endfacet
 facet normal -6.123234e-17  1.000000e+00 -6.123234e-17
   outer loop
     vertex  5.468750e-02  1.243782e-17  5.468750e-02
     vertex  5.468750e-02  6.218910e-18 -4.687500e-02
     vertex  5.361842e-02  6.218910e-18 -4.580592e-02
   endloop
 endfacet
 facet normal -6.123234e-17  1.000000e+00 -6.123234e-17
   outer loop
     vertex  5.468750e-02  1.243782e-17  5.468750e-02
     vertex -4.580592e-02  6.218910e-18  5.361842e-02
     vertex -4.687500e-02  6.218910e-18  5.468750e-02
   endloop
 endfacet
 facet normal -6.123234e-17  1.000000e+00 -6.123234e-17
   outer loop
     vertex  5.468750e-02  1.243782e-17  5.468750e-02
     vertex  5.361842e-02  1.230689e-17  5.361842e-02
     vertex -4.580592e-02  6.218910e-18  5.361842e-02
   endloop
 endfacet
 facet normal  0.000000e+00 -1.000000e+00  0.000000e+00
   outer loop
     vertex  5.468750e-02 -7.500000e-01 -4.687500e-02
     vertex  5.361842e-02 -7.500000e-01 -4.580592e-02
     vertex -4.580592e-02 -7.500000e-01 -4.580592e-02
   endloop
 endfacet
 facet normal  0.000000e+00 -1.000000e+00  0.000000e+00
   outer loop
     vertex  5.468750e-02 -7.500000e-01 -4.687500e-02
     vertex -4.580592e-02 -7.500000e-01 -4.580592e-02
     vertex -4.687500e-02 -7.500000e-01 -4.687500e-02
   endloop
 endfacet
 facet normal -0.000000e+00 -1.000000e+00  0.000000e+00
   outer loop
     vertex -4.580592e-02 -7.500000e-01  5.361842e-02
     vertex -4.687500e-02 -7.500000e-01  5.468750e-02
     vertex -4.687500e-02 -7.500000e-01 -4.687500e-02
   endloop
 endfacet
 facet normal  0.000000e+00 -1.000000e+00 -0.000000e+00
   outer loop
     vertex -4.580592e-02 -7.500000e-01  5.361842e-02
     vertex -4.687500e-02 -7.500000e-01 -4.687500e-02
     vertex -4.580592e-02 -7.500000e-01 -4.580592e-02
   endloop
 endfacet
 facet normal  0.000000e+00 -1.000000e+00  0.000000e+00
   outer loop
     vertex  5.468750e-02 -7.500000e-01  5.468750e-02
     vertex  5.361842e-02 -7.500000e-01  5.361842e-02
     vertex  5.361842e-02 -7.500000e-01 -4.580592e-02
   endloop
 endfacet
 facet normal  0.000000e+00 -1.000000e+00 -0.000000e+00
   outer loop
     vertex  5.468750e-02 -7.500000e-01  5.468750e-02
     vertex  5.361842e-02 -7.500000e-01 -4.580592e-02
     vertex  5.468750e-02 -7.500000e-01 -4.687500e-02
   endloop
 endfacet
 facet normal -0.000000e+00 -1.000000e+00  0.000000e+00
   outer loop
     vertex  5.468750e-02 -7.500000e-01  5.468750e-02
     vertex -4.687500e-02 -7.500000e-01  5.468750e-02
     vertex -4.580592e-02 -7.500000e-01  5.361842e-02
   endloop
 endfacet
 facet normal  0.000000e+00 -1.000000e+00  0.000000e+00
   outer loop
     vertex  5.468750e-02 -7.500000e-01  5.468750e-02
     vertex -4.580592e-02 -7.500000e-01  5.361842e-02
     vertex  5.361842e-02 -7.500000e-01  5.361842e-02
   endloop
 endfacet
endsolid
