solid 
 facet normal -0.000000e+00  0.000000e+00 -1.000000e+00
   outer loop
     vertex -6.578947e-03 -5.468750e-02  6.875000e-01
     vertex -7.812500e-03 -1.718750e-01  6.875000e-01
     vertex -7.812500e-03 -5.468750e-02  6.875000e-01
   endloop
 endfacet
 facet normal  0.000000e+00 -0.000000e+00 -1.000000e+00
   outer loop
     vertex -6.578947e-03 -5.468750e-02  6.875000e-01
     vertex -6.578947e-03 -1.718750e-01  6.875000e-01
     vertex -7.812500e-03 -1.718750e-01  6.875000e-01
   endloop
 endfacet
 facet normal  1.000000e+00  0.000000e+00  0.000000e+00
   outer loop
     vertex -6.578947e-03 -5.468750e-02  8.046875e-01
     vertex -6.578947e-03 -1.718750e-01  6.875000e-01
     vertex -6.578947e-03 -5.468750e-02  6.875000e-01
   endloop
 endfacet
 facet normal  1.000000e+00  0.000000e+00  0.000000e+00
   outer loop
     vertex -6.578947e-03 -5.468750e-02  8.046875e-01
     vertex -6.578947e-03 -1.718750e-01  8.046875e-01
     vertex -6.578947e-03 -1.718750e-01  6.875000e-01
   endloop
 endfacet
 facet normal -0.000000e+00  0.000000e+00  1.000000e+00
   outer loop
     vertex -7.812500e-03 -5.468750e-02  8.046875e-01
     vertex -6.578947e-03 -1.718750e-01  8.046875e-01
     vertex -6.578947e-03 -5.468750e-02  8.046875e-01
   endloop
 endfacet
 facet normal  0.000000e+00  0.000000e+00  1.000000e+00
   outer loop
     vertex -7.812500e-03 -5.468750e-02  8.046875e-01
     vertex -7.812500e-03 -1.718750e-01  8.046875e-01
     vertex -6.578947e-03 -1.718750e-01  8.046875e-01
   endloop
 endfacet
 facet normal -1.000000e+00  0.000000e+00  0.000000e+00
   outer loop
     vertex -7.812500e-03 -5.468750e-02  6.875000e-01
     vertex -7.812500e-03 -1.718750e-01  8.046875e-01
     vertex -7.812500e-03 -5.468750e-02  8.046875e-01
   endloop
 endfacet
 facet normal -1.000000e+00  0.000000e+00  0.000000e+00
   outer loop
     vertex -7.812500e-03 -5.468750e-02  6.875000e-01
     vertex -7.812500e-03 -1.718750e-01  6.875000e-01
     vertex -7.812500e-03 -1.718750e-01  8.046875e-01
   endloop
 endfacet
 facet normal  0.000000e+00  1.000000e+00  0.000000e+00
   outer loop
     vertex -6.578947e-03 -5.468750e-02  8.046875e-01
     vertex -6.578947e-03 -5.468750e-02  6.875000e-01
     vertex -7.812500e-03 -5.468750e-02  6.875000e-01
   endloop
 endfacet
 facet normal  0.000000e+00  1.000000e+00  0.000000e+00
   outer loop
     vertex -6.578947e-03 -5.468750e-02  8.046875e-01
     vertex -7.812500e-03 -5.468750e-02  6.875000e-01
     vertex -7.812500e-03 -5.468750e-02  8.046875e-01
   endloop
 endfacet
 facet normal  0.000000e+00 -1.000000e+00 -0.000000e+00
   outer loop
     vertex -6.578947e-03 -1.718750e-01  8.046875e-01
     vertex -7.812500e-03 -1.718750e-01  6.875000e-01
     vertex -6.578947e-03 -1.718750e-01  6.875000e-01
   endloop
 endfacet
 facet normal -0.000000e+00 -1.000000e+00  0.000000e+00
   outer loop
     vertex -6.578947e-03 -1.718750e-01  8.046875e-01
     vertex -7.812500e-03 -1.718750e-01  8.046875e-01
     vertex -7.812500e-03 -1.718750e-01  6.875000e-01
   endloop
 endfacet
 facet normal  0.000000e+00 -1.000000e+00  0.000000e+00
   outer loop
     vertex  7.812500e-02 -8.593750e-02  0.000000e+00
     vertex -8.593750e-02 -8.593750e-02  1.562500e-02
     vertex -8.593750e-02 -8.593750e-02  0.000000e+00
   endloop
 endfacet
 facet normal  0.000000e+00 -1.000000e+00  0.000000e+00
   outer loop
     vertex  7.812500e-02 -8.593750e-02  0.000000e+00
     vertex  7.812500e-02 -8.593750e-02  1.562500e-02
     vertex -8.593750e-02 -8.593750e-02  1.562500e-02
   endloop
 endfacet
 facet normal -1.000000e+00  0.000000e+00  0.000000e+00
   outer loop
     vertex -8.593750e-02 -8.593750e-02  0.000000e+00
     vertex -8.593750e-02  7.812500e-02  1.562500e-02
     vertex -8.593750e-02  7.812500e-02  0.000000e+00
   endloop
 endfacet
 facet normal -1.000000e+00  0.000000e+00  0.000000e+00
   outer loop
     vertex -8.593750e-02 -8.593750e-02  0.000000e+00
     vertex -8.593750e-02 -8.593750e-02  1.562500e-02
     vertex -8.593750e-02  7.812500e-02  1.562500e-02
   endloop
 endfacet
 facet normal  1.000000e+00  0.000000e+00  0.000000e+00
   outer loop
     vertex  7.812500e-02  7.812500e-02  0.000000e+00
     vertex  7.812500e-02 -8.593750e-02  1.562500e-02
     vertex  7.812500e-02 -8.593750e-02  0.000000e+00
   endloop
 endfacet
 facet normal  1.000000e+00  0.000000e+00 -0.000000e+00
   outer loop
     vertex  7.812500e-02  7.812500e-02  0.000000e+00
     vertex  7.812500e-02  7.812500e-02  1.562500e-02
     vertex  7.812500e-02 -8.593750e-02  1.562500e-02
   endloop
 endfacet
 facet normal  0.000000e+00 -0.000000e+00 -1.000000e+00
   outer loop
     vertex  7.812500e-02  7.812500e-02  0.000000e+00
     vertex  7.812500e-02 -8.593750e-02  0.000000e+00
     vertex -8.593750e-02 -8.593750e-02  0.000000e+00
   endloop
 endfacet
 facet normal -0.000000e+00  0.000000e+00 -1.000000e+00
   outer loop
     vertex  7.812500e-02  7.812500e-02  0.000000e+00
     vertex -8.593750e-02 -8.593750e-02  0.000000e+00
     vertex -8.593750e-02  7.812500e-02  0.000000e+00
   endloop
 endfacet
 facet normal  0.000000e+00  0.000000e+00  1.000000e+00
   outer loop
     vertex  7.812500e-02 -8.593750e-02  1.562500e-02
     vertex -5.468750e-02 -5.468750e-02  1.562500e-02
     vertex -8.593750e-02 -8.593750e-02  1.562500e-02
   endloop
 endfacet
 facet normal  0.000000e+00  0.000000e+00  1.000000e+00
   outer loop
     vertex -8.593750e-02  7.812500e-02  1.562500e-02
     vertex -8.593750e-02 -8.593750e-02  1.562500e-02
     vertex -5.468750e-02 -5.468750e-02  1.562500e-02
   endloop
 endfacet
 facet normal  0.000000e+00  0.000000e+00  1.000000e+00
   outer loop
     vertex  6.250000e-02 -5.468750e-02  1.562500e-02
     vertex -5.468750e-02 -5.468750e-02  1.562500e-02
     vertex  7.812500e-02 -8.593750e-02  1.562500e-02
   endloop
 endfacet
 facet normal  0.000000e+00  0.000000e+00  1.000000e+00
   outer loop
     vertex -5.468750e-02  6.250000e-02  1.562500e-02
     vertex -8.593750e-02  7.812500e-02  1.562500e-02
     vertex -5.468750e-02 -5.468750e-02  1.562500e-02
   endloop
 endfacet
 facet normal  0.000000e+00  0.000000e+00  1.000000e+00
   outer loop
     vertex  7.812500e-02  7.812500e-02  1.562500e-02
     vertex -5.468750e-02  6.250000e-02  1.562500e-02
     vertex  6.250000e-02  6.250000e-02  1.562500e-02
   endloop
 endfacet
 facet normal  0.000000e+00  0.000000e+00  1.000000e+00
   outer loop
     vertex  7.812500e-02  7.812500e-02  1.562500e-02
     vertex  6.250000e-02  6.250000e-02  1.562500e-02
     vertex  6.250000e-02 -5.468750e-02  1.562500e-02
   endloop
 endfacet
 facet normal  0.000000e+00  0.000000e+00  1.000000e+00
   outer loop
     vertex  7.812500e-02  7.812500e-02  1.562500e-02
     vertex  6.250000e-02 -5.468750e-02  1.562500e-02
     vertex  7.812500e-02 -8.593750e-02  1.562500e-02
   endloop
 endfacet
 facet normal  0.000000e+00  0.000000e+00  1.000000e+00
   outer loop
     vertex  7.812500e-02  7.812500e-02  1.562500e-02
     vertex -8.593750e-02  7.812500e-02  1.562500e-02
     vertex -5.468750e-02  6.250000e-02  1.562500e-02
   endloop
 endfacet
 facet normal  0.000000e+00  1.000000e+00  0.000000e+00
   outer loop
     vertex -8.593750e-02  7.812500e-02  0.000000e+00
     vertex  7.812500e-02  7.812500e-02  1.562500e-02
     vertex  7.812500e-02  7.812500e-02  0.000000e+00
   endloop
 endfacet
 facet normal  0.000000e+00  1.000000e+00  0.000000e+00
   outer loop
     vertex -8.593750e-02  7.812500e-02  0.000000e+00
     vertex -8.593750e-02  7.812500e-02  1.562500e-02
     vertex  7.812500e-02  7.812500e-02  1.562500e-02
   endloop
 endfacet
 facet normal  0.000000e+00 -1.000000e+00  0.000000e+00
   outer loop
     vertex  6.250000e-02 -5.468750e-02  1.562500e-02
     vertex -5.468750e-02 -5.468750e-02  6.718750e-01
     vertex -5.468750e-02 -5.468750e-02  1.562500e-02
   endloop
 endfacet
 facet normal  0.000000e+00 -1.000000e+00  0.000000e+00
   outer loop
     vertex  6.250000e-02 -5.468750e-02  1.562500e-02
     vertex  6.250000e-02 -5.468750e-02  6.718750e-01
     vertex -5.468750e-02 -5.468750e-02  6.718750e-01
   endloop
 endfacet
 facet normal  1.000000e+00  0.000000e+00  0.000000e+00
   outer loop
     vertex  6.250000e-02  6.250000e-02  1.562500e-02
     vertex  6.250000e-02 -5.468750e-02  6.718750e-01
     vertex  6.250000e-02 -5.468750e-02  1.562500e-02
   endloop
 endfacet
 facet normal  1.000000e+00  0.000000e+00 -0.000000e+00
   outer loop
     vertex  6.250000e-02  6.250000e-02  1.562500e-02
     vertex  6.250000e-02  6.250000e-02  6.718750e-01
     vertex  6.250000e-02 -5.468750e-02  6.718750e-01
   endloop
 endfacet
 facet normal  0.000000e+00  1.000000e+00  0.000000e+00
   outer loop
     vertex -5.468750e-02  6.250000e-02  1.562500e-02
     vertex  6.250000e-02  6.250000e-02  6.718750e-01
     vertex  6.250000e-02  6.250000e-02  1.562500e-02
   endloop
 endfacet
 facet normal  0.000000e+00  1.000000e+00  0.000000e+00
   outer loop
     vertex -5.468750e-02  6.250000e-02  1.562500e-02
     vertex -5.468750e-02  6.250000e-02  6.718750e-01
     vertex  6.250000e-02  6.250000e-02  6.718750e-01
   endloop
 endfacet
 facet normal -1.000000e+00  0.000000e+00  0.000000e+00
   outer loop
     vertex -5.468750e-02 -5.468750e-02  1.562500e-02
     vertex -5.468750e-02  6.250000e-02  6.718750e-01
     vertex -5.468750e-02  6.250000e-02  1.562500e-02
   endloop
 endfacet
 facet normal -1.000000e+00  0.000000e+00  0.000000e+00
   outer loop
     vertex -5.468750e-02 -5.468750e-02  1.562500e-02
     vertex -5.468750e-02 -5.468750e-02  6.718750e-01
     vertex -5.468750e-02  6.250000e-02  6.718750e-01
   endloop
 endfacet
 facet normal  0.000000e+00  0.000000e+00  1.000000e+00
   outer loop
     vertex  6.250000e-02 -5.468750e-02  6.718750e-01
     vertex  4.276316e-02 -3.495066e-02  6.718750e-01
     vertex -3.495066e-02 -3.495066e-02  6.718750e-01
   endloop
 endfacet
 facet normal  0.000000e+00  0.000000e+00  1.000000e+00
   outer loop
     vertex  6.250000e-02 -5.468750e-02  6.718750e-01
     vertex -3.495066e-02 -3.495066e-02  6.718750e-01
     vertex -5.468750e-02 -5.468750e-02  6.718750e-01
   endloop
 endfacet
 facet normal  0.000000e+00  0.000000e+00  1.000000e+00
   outer loop
     vertex -5.468750e-02  6.250000e-02  6.718750e-01
     vertex -3.495066e-02 -3.495066e-02  6.718750e-01
     vertex -3.495066e-02  4.276316e-02  6.718750e-01
   endloop
 endfacet
 facet normal  0.000000e+00  0.000000e+00  1.000000e+00
   outer loop
     vertex -5.468750e-02  6.250000e-02  6.718750e-01
     vertex -5.468750e-02 -5.468750e-02  6.718750e-01
     vertex -3.495066e-02 -3.495066e-02  6.718750e-01
   endloop
 endfacet
 facet normal  0.000000e+00  0.000000e+00  1.000000e+00
   outer loop
     vertex  6.250000e-02  6.250000e-02  6.718750e-01
     vertex -3.495066e-02  4.276316e-02  6.718750e-01
     vertex  4.276316e-02  4.276316e-02  6.718750e-01
   endloop
 endfacet
 facet normal  0.000000e+00  0.000000e+00  1.000000e+00
   outer loop
     vertex  6.250000e-02  6.250000e-02  6.718750e-01
     vertex  4.276316e-02  4.276316e-02  6.718750e-01
     vertex  4.276316e-02 -3.495066e-02  6.718750e-01
   endloop
 endfacet
 facet normal  0.000000e+00  0.000000e+00  1.000000e+00
   outer loop
     vertex  6.250000e-02  6.250000e-02  6.718750e-01
     vertex  4.276316e-02 -3.495066e-02  6.718750e-01
     vertex  6.250000e-02 -5.468750e-02  6.718750e-01
   endloop
 endfacet
 facet normal  0.000000e+00  0.000000e+00  1.000000e+00
   outer loop
     vertex  6.250000e-02  6.250000e-02  6.718750e-01
     vertex -5.468750e-02  6.250000e-02  6.718750e-01
     vertex -3.495066e-02  4.276316e-02  6.718750e-01
   endloop
 endfacet
 facet normal  0.000000e+00  1.000000e+00  0.000000e+00
   outer loop
     vertex  4.276316e-02 -3.495066e-02  1.562500e-02
     vertex -3.495066e-02 -3.495066e-02  1.562500e-02
     vertex -3.495066e-02 -3.495066e-02  6.718750e-01
   endloop
 endfacet
 facet normal  0.000000e+00  1.000000e+00 -0.000000e+00
   outer loop
     vertex  4.276316e-02 -3.495066e-02  1.562500e-02
     vertex -3.495066e-02 -3.495066e-02  6.718750e-01
     vertex  4.276316e-02 -3.495066e-02  6.718750e-01
   endloop
 endfacet
 facet normal -1.000000e+00  0.000000e+00  0.000000e+00
   outer loop
     vertex  4.276316e-02  4.276316e-02  1.562500e-02
     vertex  4.276316e-02 -3.495066e-02  1.562500e-02
     vertex  4.276316e-02 -3.495066e-02  6.718750e-01
   endloop
 endfacet
 facet normal -1.000000e+00  0.000000e+00  0.000000e+00
   outer loop
     vertex  4.276316e-02  4.276316e-02  1.562500e-02
     vertex  4.276316e-02 -3.495066e-02  6.718750e-01
     vertex  4.276316e-02  4.276316e-02  6.718750e-01
   endloop
 endfacet
 facet normal  0.000000e+00 -1.000000e+00  0.000000e+00
   outer loop
     vertex -3.495066e-02  4.276316e-02  1.562500e-02
     vertex  4.276316e-02  4.276316e-02  1.562500e-02
     vertex  4.276316e-02  4.276316e-02  6.718750e-01
   endloop
 endfacet
 facet normal  0.000000e+00 -1.000000e+00  0.000000e+00
   outer loop
     vertex -3.495066e-02  4.276316e-02  1.562500e-02
     vertex  4.276316e-02  4.276316e-02  6.718750e-01
     vertex -3.495066e-02  4.276316e-02  6.718750e-01
   endloop
 endfacet
 facet normal  1.000000e+00  0.000000e+00  0.000000e+00
   outer loop
     vertex -3.495066e-02 -3.495066e-02  1.562500e-02
     vertex -3.495066e-02  4.276316e-02  1.562500e-02
     vertex -3.495066e-02  4.276316e-02  6.718750e-01
   endloop
 endfacet
 facet normal  1.000000e+00  0.000000e+00  0.000000e+00
   outer loop
     vertex -3.495066e-02 -3.495066e-02  1.562500e-02
     vertex -3.495066e-02  4.276316e-02  6.718750e-01
     vertex -3.495066e-02 -3.495066e-02  6.718750e-01
   endloop
 endfacet
 facet normal  0.000000e+00  0.000000e+00  1.000000e+00
   outer loop
     vertex  4.276316e-02  4.276316e-02  1.562500e-02
     vertex -3.495066e-02  4.276316e-02  1.562500e-02
     vertex -3.495066e-02 -3.495066e-02  1.562500e-02
   endloop
 endfacet
 facet normal  0.000000e+00  0.000000e+00  1.000000e+00
   outer loop
     vertex  4.276316e-02  4.276316e-02  1.562500e-02
     vertex -3.495066e-02 -3.495066e-02  1.562500e-02
     vertex  4.276316e-02 -3.495066e-02  1.562500e-02
   endloop
 endfacet
endsolid
