solid 
 facet normal  0.000000e+00  0.000000e+00 -1.000000e+00
   outer loop
     vertex  6.484375e-01  2.343750e-02 -6.484375e-01
     vertex -6.484375e-01  2.343750e-02 -6.484375e-01
     vertex -6.484375e-01  3.125000e-02 -6.484375e-01
   endloop
 endfacet
 facet normal  0.000000e+00  0.000000e+00 -1.000000e+00
   outer loop
     vertex  6.484375e-01  2.343750e-02 -6.484375e-01
     vertex -6.484375e-01  3.125000e-02 -6.484375e-01
     vertex  6.484375e-01  3.125000e-02 -6.484375e-01
   endloop
 endfacet
 facet normal  0.000000e+00  1.000000e+00  0.000000e+00
   outer loop
     vertex  6.484375e-01  2.343750e-02 -6.484375e-01
     vertex  7.500000e-01  2.343750e-02 -7.500000e-01
     vertex -7.500000e-01  2.343750e-02 -7.500000e-01
   endloop
 endfacet
 facet normal  0.000000e+00  1.000000e+00  0.000000e+00
   outer loop
     vertex  6.484375e-01  2.343750e-02 -6.484375e-01
     vertex -7.500000e-01  2.343750e-02 -7.500000e-01
     vertex -6.484375e-01  2.343750e-02 -6.484375e-01
   endloop
 endfacet
 facet normal  0.000000e+00  1.000000e+00  0.000000e+00
   outer loop
     vertex -6.484375e-01  2.343750e-02  6.484375e-01
     vertex -7.500000e-01  2.343750e-02 -7.500000e-01
     vertex -7.500000e-01  2.343750e-02  7.500000e-01
   endloop
 endfacet
 facet normal  0.000000e+00  1.000000e+00  0.000000e+00
   outer loop
     vertex -6.484375e-01  2.343750e-02  6.484375e-01
     vertex -6.484375e-01  2.343750e-02 -6.484375e-01
     vertex -7.500000e-01  2.343750e-02 -7.500000e-01
   endloop
 endfacet
 facet normal  0.000000e+00  1.000000e+00  0.000000e+00
   outer loop
     vertex  7.500000e-01  2.343750e-02  7.500000e-01
     vertex  6.484375e-01  2.343750e-02 -6.484375e-01
     vertex  6.484375e-01  2.343750e-02  6.484375e-01
   endloop
 endfacet
 facet normal  0.000000e+00  1.000000e+00  0.000000e+00
   outer loop
     vertex  7.500000e-01  2.343750e-02  7.500000e-01
     vertex  7.500000e-01  2.343750e-02 -7.500000e-01
     vertex  6.484375e-01  2.343750e-02 -6.484375e-01
   endloop
 endfacet
 facet normal  0.000000e+00  1.000000e+00  0.000000e+00
   outer loop
     vertex  7.500000e-01  2.343750e-02  7.500000e-01
     vertex -6.484375e-01  2.343750e-02  6.484375e-01
     vertex -7.500000e-01  2.343750e-02  7.500000e-01
   endloop
 endfacet
 facet normal  0.000000e+00  1.000000e+00  0.000000e+00
   outer loop
     vertex  7.500000e-01  2.343750e-02  7.500000e-01
     vertex  6.484375e-01  2.343750e-02  6.484375e-01
     vertex -6.484375e-01  2.343750e-02  6.484375e-01
   endloop
 endfacet
 facet normal  1.000000e+00  0.000000e+00  0.000000e+00
   outer loop
     vertex  6.484375e-01  2.343750e-02  6.484375e-01
     vertex  6.484375e-01  2.343750e-02 -6.484375e-01
     vertex  6.484375e-01  3.125000e-02 -6.484375e-01
   endloop
 endfacet
 facet normal  1.000000e+00 -0.000000e+00  0.000000e+00
   outer loop
     vertex  6.484375e-01  2.343750e-02  6.484375e-01
     vertex  6.484375e-01  3.125000e-02 -6.484375e-01
     vertex  6.484375e-01  3.125000e-02  6.484375e-01
   endloop
 endfacet
 facet normal  0.000000e+00  1.000000e+00  0.000000e+00
   outer loop
     vertex  6.484375e-01  3.125000e-02  6.484375e-01
     vertex  6.484375e-01  3.125000e-02 -6.484375e-01
     vertex -6.484375e-01  3.125000e-02 -6.484375e-01
   endloop
 endfacet
 facet normal  0.000000e+00  1.000000e+00  0.000000e+00
   outer loop
     vertex  6.484375e-01  3.125000e-02  6.484375e-01
     vertex -6.484375e-01  3.125000e-02 -6.484375e-01
     vertex -6.484375e-01  3.125000e-02  6.484375e-01
   endloop
 endfacet
 facet normal -1.000000e+00  0.000000e+00  0.000000e+00
   outer loop
     vertex -6.484375e-01  2.343750e-02 -6.484375e-01
     vertex -6.484375e-01  2.343750e-02  6.484375e-01
     vertex -6.484375e-01  3.125000e-02  6.484375e-01
   endloop
 endfacet
 facet normal -1.000000e+00  0.000000e+00  0.000000e+00
   outer loop
     vertex -6.484375e-01  2.343750e-02 -6.484375e-01
     vertex -6.484375e-01  3.125000e-02  6.484375e-01
     vertex -6.484375e-01  3.125000e-02 -6.484375e-01
   endloop
 endfacet
 facet normal -0.000000e+00  0.000000e+00 -1.000000e+00
   outer loop
     vertex  7.500000e-01  9.184851e-17 -7.500000e-01
     vertex -7.500000e-01  0.000000e+00 -7.500000e-01
     vertex -7.500000e-01  2.343750e-02 -7.500000e-01
   endloop
 endfacet
 facet normal  0.000000e+00  0.000000e+00 -1.000000e+00
   outer loop
     vertex  7.500000e-01  9.184851e-17 -7.500000e-01
     vertex -7.500000e-01  2.343750e-02 -7.500000e-01
     vertex  7.500000e-01  2.343750e-02 -7.500000e-01
   endloop
 endfacet
 facet normal -1.000000e+00  0.000000e+00  0.000000e+00
   outer loop
     vertex -7.500000e-01  0.000000e+00 -7.500000e-01
     vertex -7.500000e-01  9.184851e-17  7.500000e-01
     vertex -7.500000e-01  2.343750e-02  7.500000e-01
   endloop
 endfacet
 facet normal -1.000000e+00  0.000000e+00  0.000000e+00
   outer loop
     vertex -7.500000e-01  0.000000e+00 -7.500000e-01
     vertex -7.500000e-01  2.343750e-02  7.500000e-01
     vertex -7.500000e-01  2.343750e-02 -7.500000e-01
   endloop
 endfacet
 facet normal  1.000000e+00  0.000000e+00  0.000000e+00
   outer loop
     vertex  7.500000e-01  1.836970e-16  7.500000e-01
     vertex  7.500000e-01  9.184851e-17 -7.500000e-01
     vertex  7.500000e-01  2.343750e-02 -7.500000e-01
   endloop
 endfacet
 facet normal  1.000000e+00 -0.000000e+00  0.000000e+00
   outer loop
     vertex  7.500000e-01  1.836970e-16  7.500000e-01
     vertex  7.500000e-01  2.343750e-02 -7.500000e-01
     vertex  7.500000e-01  2.343750e-02  7.500000e-01
   endloop
 endfacet
 facet normal  0.000000e+00  0.000000e+00  1.000000e+00
   outer loop
     vertex -7.500000e-01  9.184851e-17  7.500000e-01
     vertex  7.500000e-01  1.836970e-16  7.500000e-01
     vertex  7.500000e-01  2.343750e-02  7.500000e-01
   endloop
 endfacet
 facet normal  0.000000e+00  0.000000e+00  1.000000e+00
   outer loop
     vertex -7.500000e-01  9.184851e-17  7.500000e-01
     vertex  7.500000e-01  2.343750e-02  7.500000e-01
     vertex -7.500000e-01  2.343750e-02  7.500000e-01
   endloop
 endfacet
 facet normal  0.000000e+00  0.000000e+00  1.000000e+00
   outer loop
     vertex -6.484375e-01  2.343750e-02  6.484375e-01
     vertex  6.484375e-01  2.343750e-02  6.484375e-01
     vertex  6.484375e-01  3.125000e-02  6.484375e-01
   endloop
 endfacet
 facet normal  0.000000e+00  0.000000e+00  1.000000e+00
   outer loop
     vertex -6.484375e-01  2.343750e-02  6.484375e-01
     vertex  6.484375e-01  3.125000e-02  6.484375e-01
     vertex -6.484375e-01  3.125000e-02  6.484375e-01
   endloop
 endfacet
 facet normal  6.123234e-17 -1.000000e+00 -6.123234e-17
   outer loop
     vertex  6.484375e-01  7.941069e-17 -6.484375e-01
     vertex -7.500000e-01  0.000000e+00 -7.500000e-01
     vertex  7.500000e-01  9.184851e-17 -7.500000e-01
   endloop
 endfacet
 facet normal  6.123234e-17 -1.000000e+00 -6.123234e-17
   outer loop
     vertex  6.484375e-01  7.941069e-17 -6.484375e-01
     vertex -6.484375e-01  0.000000e+00 -6.484375e-01
     vertex -7.500000e-01  0.000000e+00 -7.500000e-01
   endloop
 endfacet
 facet normal -6.123234e-17 -1.000000e+00  6.123234e-17
   outer loop
     vertex -6.484375e-01  7.941069e-17  6.484375e-01
     vertex -7.500000e-01  9.184851e-17  7.500000e-01
     vertex -7.500000e-01  0.000000e+00 -7.500000e-01
   endloop
 endfacet
 facet normal -6.123234e-17 -1.000000e+00  6.123234e-17
   outer loop
     vertex -6.484375e-01  7.941069e-17  6.484375e-01
     vertex -7.500000e-01  0.000000e+00 -7.500000e-01
     vertex -6.484375e-01  0.000000e+00 -6.484375e-01
   endloop
 endfacet
 facet normal  1.836970e-16 -1.000000e+00  6.123234e-17
   outer loop
     vertex  7.500000e-01  1.836970e-16  7.500000e-01
     vertex  6.484375e-01  1.588214e-16  6.484375e-01
     vertex  6.484375e-01  7.941069e-17 -6.484375e-01
   endloop
 endfacet
 facet normal  1.836970e-16 -1.000000e+00  6.123234e-17
   outer loop
     vertex  7.500000e-01  1.836970e-16  7.500000e-01
     vertex  6.484375e-01  7.941069e-17 -6.484375e-01
     vertex  7.500000e-01  9.184851e-17 -7.500000e-01
   endloop
 endfacet
 facet normal  6.123234e-17 -1.000000e+00  1.836970e-16
   outer loop
     vertex  7.500000e-01  1.836970e-16  7.500000e-01
     vertex -7.500000e-01  9.184851e-17  7.500000e-01
     vertex -6.484375e-01  7.941069e-17  6.484375e-01
   endloop
 endfacet
 facet normal  6.123234e-17 -1.000000e+00  1.836970e-16
   outer loop
     vertex  7.500000e-01  1.836970e-16  7.500000e-01
     vertex -6.484375e-01  7.941069e-17  6.484375e-01
     vertex  6.484375e-01  1.588214e-16  6.484375e-01
   endloop
 endfacet
 facet normal  6.123234e-17 -1.000000e+00  6.123234e-17
   outer loop
     vertex  6.484375e-01  1.588214e-16  6.484375e-01
     vertex -6.484375e-01  0.000000e+00 -6.484375e-01
     vertex  6.484375e-01  7.941069e-17 -6.484375e-01
   endloop
 endfacet
 facet normal  6.123234e-17 -1.000000e+00  6.123234e-17
   outer loop
     vertex  6.484375e-01  1.588214e-16  6.484375e-01
     vertex -6.484375e-01  7.941069e-17  6.484375e-01
     vertex -6.484375e-01  0.000000e+00 -6.484375e-01
   endloop
 endfacet
 facet normal  0.000000e+00 -1.000000e+00  0.000000e+00
   outer loop
     vertex  2.265625e-01  6.484375e-01  0.000000e+00
     vertex -2.265625e-01  6.484375e-01  2.343750e-01
     vertex -2.265625e-01  6.484375e-01  0.000000e+00
   endloop
 endfacet
 facet normal  0.000000e+00 -1.000000e+00  0.000000e+00
   outer loop
     vertex  2.265625e-01  6.484375e-01  0.000000e+00
     vertex  2.265625e-01  6.484375e-01  2.343750e-01
     vertex -2.265625e-01  6.484375e-01  2.343750e-01
   endloop
 endfacet
 facet normal  1.000000e+00  0.000000e+00  0.000000e+00
   outer loop
     vertex  2.265625e-01  1.006168e+00  0.000000e+00
     vertex  2.265625e-01  6.484375e-01  2.343750e-01
     vertex  2.265625e-01  6.484375e-01  0.000000e+00
   endloop
 endfacet
 facet normal  1.000000e+00  0.000000e+00 -0.000000e+00
   outer loop
     vertex  2.265625e-01  1.006168e+00  0.000000e+00
     vertex  2.265625e-01  1.006168e+00  2.343750e-01
     vertex  2.265625e-01  6.484375e-01  2.343750e-01
   endloop
 endfacet
 facet normal  0.000000e+00  1.000000e+00  0.000000e+00
   outer loop
     vertex -2.265625e-01  1.006168e+00  0.000000e+00
     vertex  2.265625e-01  1.006168e+00  2.343750e-01
     vertex  2.265625e-01  1.006168e+00  0.000000e+00
   endloop
 endfacet
 facet normal  0.000000e+00  1.000000e+00  0.000000e+00
   outer loop
     vertex -2.265625e-01  1.006168e+00  0.000000e+00
     vertex -2.265625e-01  1.006168e+00  2.343750e-01
     vertex  2.265625e-01  1.006168e+00  2.343750e-01
   endloop
 endfacet
 facet normal -1.000000e+00  0.000000e+00  0.000000e+00
   outer loop
     vertex -2.265625e-01  6.484375e-01  0.000000e+00
     vertex -2.265625e-01  1.006168e+00  2.343750e-01
     vertex -2.265625e-01  1.006168e+00  0.000000e+00
   endloop
 endfacet
 facet normal -1.000000e+00  0.000000e+00  0.000000e+00
   outer loop
     vertex -2.265625e-01  6.484375e-01  0.000000e+00
     vertex -2.265625e-01  6.484375e-01  2.343750e-01
     vertex -2.265625e-01  1.006168e+00  2.343750e-01
   endloop
 endfacet
 facet normal  0.000000e+00 -0.000000e+00 -1.000000e+00
   outer loop
     vertex  2.265625e-01  1.006168e+00  0.000000e+00
     vertex  2.265625e-01  6.484375e-01  0.000000e+00
     vertex -2.265625e-01  6.484375e-01  0.000000e+00
   endloop
 endfacet
 facet normal -0.000000e+00  0.000000e+00 -1.000000e+00
   outer loop
     vertex  2.265625e-01  1.006168e+00  0.000000e+00
     vertex -2.265625e-01  6.484375e-01  0.000000e+00
     vertex -2.265625e-01  1.006168e+00  0.000000e+00
   endloop
 endfacet
 facet normal  0.000000e+00  0.000000e+00  1.000000e+00
   outer loop
     vertex  2.265625e-01  1.006168e+00  2.343750e-01
     vertex -2.265625e-01  6.484375e-01  2.343750e-01
     vertex  2.265625e-01  6.484375e-01  2.343750e-01
   endloop
 endfacet
 facet normal  0.000000e+00  0.000000e+00  1.000000e+00
   outer loop
     vertex  2.265625e-01  1.006168e+00  2.343750e-01
     vertex -2.265625e-01  1.006168e+00  2.343750e-01
     vertex -2.265625e-01  6.484375e-01  2.343750e-01
   endloop
 endfacet
endsolid
