solid 
 facet normal  0.000000e+00  0.000000e+00 -1.000000e+00
   outer loop
     vertex  8.593750e-02  1.052431e-17 -8.593750e-02
     vertex -8.593750e-02 -7.500000e-01 -8.593750e-02
     vertex -8.593750e-02  0.000000e+00 -8.593750e-02
   endloop
 endfacet
 facet normal  0.000000e+00 -0.000000e+00 -1.000000e+00
   outer loop
     vertex  8.593750e-02  1.052431e-17 -8.593750e-02
     vertex  8.593750e-02 -7.500000e-01 -8.593750e-02
     vertex -8.593750e-02 -7.500000e-01 -8.593750e-02
   endloop
 endfacet
 facet normal -1.000000e+00  0.000000e+00  0.000000e+00
   outer loop
     vertex -8.593750e-02  0.000000e+00 -8.593750e-02
     vertex -8.593750e-02 -7.500000e-01  8.593750e-02
     vertex -8.593750e-02  1.052431e-17  8.593750e-02
   endloop
 endfacet
 facet normal -1.000000e+00  0.000000e+00  0.000000e+00
   outer loop
     vertex -8.593750e-02  0.000000e+00 -8.593750e-02
     vertex -8.593750e-02 -7.500000e-01 -8.593750e-02
     vertex -8.593750e-02 -7.500000e-01  8.593750e-02
   endloop
 endfacet
 facet normal  1.000000e+00  0.000000e+00  0.000000e+00
   outer loop
     vertex  8.593750e-02  2.104862e-17  8.593750e-02
     vertex  8.593750e-02 -7.500000e-01 -8.593750e-02
     vertex  8.593750e-02  1.052431e-17 -8.593750e-02
   endloop
 endfacet
 facet normal  1.000000e+00  0.000000e+00  0.000000e+00
   outer loop
     vertex  8.593750e-02  2.104862e-17  8.593750e-02
     vertex  8.593750e-02 -7.500000e-01  8.593750e-02
     vertex  8.593750e-02 -7.500000e-01 -8.593750e-02
   endloop
 endfacet
 facet normal -0.000000e+00  0.000000e+00 -1.000000e+00
   outer loop
     vertex  8.593750e-02  1.052431e-17 -8.593750e-02
     vertex -8.593750e-02  0.000000e+00 -8.593750e-02
     vertex -8.593750e-02  7.500000e-01 -8.593750e-02
   endloop
 endfacet
 facet normal  0.000000e+00  0.000000e+00 -1.000000e+00
   outer loop
     vertex  8.593750e-02  1.052431e-17 -8.593750e-02
     vertex -8.593750e-02  7.500000e-01 -8.593750e-02
     vertex  8.593750e-02  7.500000e-01 -8.593750e-02
   endloop
 endfacet
 facet normal  0.000000e+00 -1.000000e+00  0.000000e+00
   outer loop
     vertex  8.593750e-02 -7.500000e-01 -8.593750e-02
     vertex  8.412829e-02 -7.500000e-01 -8.412829e-02
     vertex -8.412829e-02 -7.500000e-01 -8.412829e-02
   endloop
 endfacet
 facet normal  0.000000e+00 -1.000000e+00  0.000000e+00
   outer loop
     vertex  8.593750e-02 -7.500000e-01 -8.593750e-02
     vertex -8.412829e-02 -7.500000e-01 -8.412829e-02
     vertex -8.593750e-02 -7.500000e-01 -8.593750e-02
   endloop
 endfacet
 facet normal  0.000000e+00 -1.000000e+00  0.000000e+00
   outer loop
     vertex -8.593750e-02 -7.500000e-01  8.593750e-02
     vertex -8.412829e-02 -7.500000e-01 -8.412829e-02
     vertex -8.412829e-02 -7.500000e-01  8.412829e-02
   endloop
 endfacet
 facet normal  0.000000e+00 -1.000000e+00  0.000000e+00
   outer loop
     vertex -8.593750e-02 -7.500000e-01  8.593750e-02
     vertex -8.593750e-02 -7.500000e-01 -8.593750e-02
     vertex -8.412829e-02 -7.500000e-01 -8.412829e-02
   endloop
 endfacet
 facet normal  0.000000e+00 -1.000000e+00  0.000000e+00
   outer loop
     vertex  8.593750e-02 -7.500000e-01  8.593750e-02
     vertex  8.412829e-02 -7.500000e-01  8.412829e-02
     vertex  8.412829e-02 -7.500000e-01 -8.412829e-02
   endloop
 endfacet
 facet normal  0.000000e+00 -1.000000e+00 -0.000000e+00
   outer loop
     vertex  8.593750e-02 -7.500000e-01  8.593750e-02
     vertex  8.412829e-02 -7.500000e-01 -8.412829e-02
     vertex  8.593750e-02 -7.500000e-01 -8.593750e-02
   endloop
 endfacet
 facet normal -0.000000e+00 -1.000000e+00  0.000000e+00
   outer loop
     vertex  8.593750e-02 -7.500000e-01  8.593750e-02
     vertex -8.593750e-02 -7.500000e-01  8.593750e-02
     vertex -8.412829e-02 -7.500000e-01  8.412829e-02
   endloop
 endfacet
 facet normal  0.000000e+00 -1.000000e+00  0.000000e+00
   outer loop
     vertex  8.593750e-02 -7.500000e-01  8.593750e-02
     vertex -8.412829e-02 -7.500000e-01  8.412829e-02
     vertex  8.412829e-02 -7.500000e-01  8.412829e-02
   endloop
 endfacet
 facet normal -0.000000e+00  0.000000e+00  1.000000e+00
   outer loop
     vertex -8.593750e-02  1.052431e-17  8.593750e-02
     vertex  8.593750e-02 -7.500000e-01  8.593750e-02
     vertex  8.593750e-02  2.104862e-17  8.593750e-02
   endloop
 endfacet
 facet normal  0.000000e+00  0.000000e+00  1.000000e+00
   outer loop
     vertex -8.593750e-02  1.052431e-17  8.593750e-02
     vertex -8.593750e-02 -7.500000e-01  8.593750e-02
     vertex  8.593750e-02 -7.500000e-01  8.593750e-02
   endloop
 endfacet
 facet normal -1.000000e+00  0.000000e+00  0.000000e+00
   outer loop
     vertex -8.593750e-02  0.000000e+00 -8.593750e-02
     vertex -8.593750e-02  1.052431e-17  8.593750e-02
     vertex -8.593750e-02  7.500000e-01  8.593750e-02
   endloop
 endfacet
 facet normal -1.000000e+00  0.000000e+00  0.000000e+00
   outer loop
     vertex -8.593750e-02  0.000000e+00 -8.593750e-02
     vertex -8.593750e-02  7.500000e-01  8.593750e-02
     vertex -8.593750e-02  7.500000e-01 -8.593750e-02
   endloop
 endfacet
 facet normal  1.000000e+00  0.000000e+00  0.000000e+00
   outer loop
     vertex  8.593750e-02  2.104862e-17  8.593750e-02
     vertex  8.593750e-02  1.052431e-17 -8.593750e-02
     vertex  8.593750e-02  7.500000e-01 -8.593750e-02
   endloop
 endfacet
 facet normal  1.000000e+00 -0.000000e+00  0.000000e+00
   outer loop
     vertex  8.593750e-02  2.104862e-17  8.593750e-02
     vertex  8.593750e-02  7.500000e-01 -8.593750e-02
     vertex  8.593750e-02  7.500000e-01  8.593750e-02
   endloop
 endfacet
 facet normal  0.000000e+00  1.000000e+00  0.000000e+00
   outer loop
     vertex  8.593750e-02  7.500000e-01 -8.593750e-02
     vertex -8.412829e-02  7.500000e-01 -8.412829e-02
     vertex  8.412829e-02  7.500000e-01 -8.412829e-02
   endloop
 endfacet
 facet normal  0.000000e+00  1.000000e+00  0.000000e+00
   outer loop
     vertex  8.593750e-02  7.500000e-01 -8.593750e-02
     vertex -8.593750e-02  7.500000e-01 -8.593750e-02
     vertex -8.412829e-02  7.500000e-01 -8.412829e-02
   endloop
 endfacet
 facet normal  0.000000e+00  1.000000e+00  0.000000e+00
   outer loop
     vertex -8.593750e-02  7.500000e-01  8.593750e-02
     vertex -8.412829e-02  7.500000e-01  8.412829e-02
     vertex -8.412829e-02  7.500000e-01 -8.412829e-02
   endloop
 endfacet
 facet normal  0.000000e+00  1.000000e+00  0.000000e+00
   outer loop
     vertex -8.593750e-02  7.500000e-01  8.593750e-02
     vertex -8.412829e-02  7.500000e-01 -8.412829e-02
     vertex -8.593750e-02  7.500000e-01 -8.593750e-02
   endloop
 endfacet
 facet normal  0.000000e+00  1.000000e+00  0.000000e+00
   outer loop
     vertex  8.593750e-02  7.500000e-01  8.593750e-02
     vertex  8.412829e-02  7.500000e-01 -8.412829e-02
     vertex  8.412829e-02  7.500000e-01  8.412829e-02
   endloop
 endfacet
 facet normal  0.000000e+00  1.000000e+00  0.000000e+00
   outer loop
     vertex  8.593750e-02  7.500000e-01  8.593750e-02
     vertex  8.593750e-02  7.500000e-01 -8.593750e-02
     vertex  8.412829e-02  7.500000e-01 -8.412829e-02
   endloop
 endfacet
 facet normal  0.000000e+00  1.000000e+00  0.000000e+00
   outer loop
     vertex  8.593750e-02  7.500000e-01  8.593750e-02
     vertex -8.412829e-02  7.500000e-01  8.412829e-02
     vertex -8.593750e-02  7.500000e-01  8.593750e-02
   endloop
 endfacet
 facet normal  0.000000e+00  1.000000e+00  0.000000e+00
   outer loop
     vertex  8.593750e-02  7.500000e-01  8.593750e-02
     vertex  8.412829e-02  7.500000e-01  8.412829e-02
     vertex -8.412829e-02  7.500000e-01  8.412829e-02
   endloop
 endfacet
 facet normal  0.000000e+00  0.000000e+00  1.000000e+00
   outer loop
     vertex  8.412829e-02  1.052431e-17 -8.412829e-02
     vertex -8.412829e-02  2.215644e-19 -8.412829e-02
     vertex -8.412829e-02 -7.500000e-01 -8.412829e-02
   endloop
 endfacet
 facet normal  0.000000e+00  0.000000e+00  1.000000e+00
   outer loop
     vertex  8.412829e-02  1.052431e-17 -8.412829e-02
     vertex -8.412829e-02 -7.500000e-01 -8.412829e-02
     vertex  8.412829e-02 -7.500000e-01 -8.412829e-02
   endloop
 endfacet
 facet normal -1.000000e+00  0.000000e+00  0.000000e+00
   outer loop
     vertex  8.412829e-02  2.082705e-17  8.412829e-02
     vertex  8.412829e-02  1.052431e-17 -8.412829e-02
     vertex  8.412829e-02 -7.500000e-01 -8.412829e-02
   endloop
 endfacet
 facet normal -1.000000e+00 -0.000000e+00  0.000000e+00
   outer loop
     vertex  8.412829e-02  2.082705e-17  8.412829e-02
     vertex  8.412829e-02 -7.500000e-01 -8.412829e-02
     vertex  8.412829e-02 -7.500000e-01  8.412829e-02
   endloop
 endfacet
 facet normal  0.000000e+00  0.000000e+00 -1.000000e+00
   outer loop
     vertex -8.412829e-02  1.052431e-17  8.412829e-02
     vertex  8.412829e-02  2.082705e-17  8.412829e-02
     vertex  8.412829e-02 -7.500000e-01  8.412829e-02
   endloop
 endfacet
 facet normal  0.000000e+00  0.000000e+00 -1.000000e+00
   outer loop
     vertex -8.412829e-02  1.052431e-17  8.412829e-02
     vertex  8.412829e-02 -7.500000e-01  8.412829e-02
     vertex -8.412829e-02 -7.500000e-01  8.412829e-02
   endloop
 endfacet
 facet normal  1.000000e+00  0.000000e+00 -0.000000e+00
   outer loop
     vertex -8.412829e-02  2.215644e-19 -8.412829e-02
     vertex -8.412829e-02  1.052431e-17  8.412829e-02
     vertex -8.412829e-02 -7.500000e-01  8.412829e-02
   endloop
 endfacet
 facet normal  1.000000e+00  0.000000e+00  0.000000e+00
   outer loop
     vertex -8.412829e-02  2.215644e-19 -8.412829e-02
     vertex -8.412829e-02 -7.500000e-01  8.412829e-02
     vertex -8.412829e-02 -7.500000e-01 -8.412829e-02
   endloop
 endfacet
 facet normal  0.000000e+00  0.000000e+00  1.000000e+00
   outer loop
     vertex -8.593750e-02  1.052431e-17  8.593750e-02
     vertex  8.593750e-02  2.104862e-17  8.593750e-02
     vertex  8.593750e-02  7.500000e-01  8.593750e-02
   endloop
 endfacet
 facet normal  0.000000e+00  0.000000e+00  1.000000e+00
   outer loop
     vertex -8.593750e-02  1.052431e-17  8.593750e-02
     vertex  8.593750e-02  7.500000e-01  8.593750e-02
     vertex -8.593750e-02  7.500000e-01  8.593750e-02
   endloop
 endfacet
 facet normal  0.000000e+00  0.000000e+00  1.000000e+00
   outer loop
     vertex  8.412829e-02  1.052431e-17 -8.412829e-02
     vertex -8.412829e-02  7.500000e-01 -8.412829e-02
     vertex -8.412829e-02  2.215644e-19 -8.412829e-02
   endloop
 endfacet
 facet normal  0.000000e+00 -0.000000e+00  1.000000e+00
   outer loop
     vertex  8.412829e-02  1.052431e-17 -8.412829e-02
     vertex  8.412829e-02  7.500000e-01 -8.412829e-02
     vertex -8.412829e-02  7.500000e-01 -8.412829e-02
   endloop
 endfacet
 facet normal -1.000000e+00  0.000000e+00 -0.000000e+00
   outer loop
     vertex  8.412829e-02  2.082705e-17  8.412829e-02
     vertex  8.412829e-02  7.500000e-01 -8.412829e-02
     vertex  8.412829e-02  1.052431e-17 -8.412829e-02
   endloop
 endfacet
 facet normal -1.000000e+00  0.000000e+00  0.000000e+00
   outer loop
     vertex  8.412829e-02  2.082705e-17  8.412829e-02
     vertex  8.412829e-02  7.500000e-01  8.412829e-02
     vertex  8.412829e-02  7.500000e-01 -8.412829e-02
   endloop
 endfacet
 facet normal  0.000000e+00  0.000000e+00 -1.000000e+00
   outer loop
     vertex -8.412829e-02  1.052431e-17  8.412829e-02
     vertex  8.412829e-02  7.500000e-01  8.412829e-02
     vertex  8.412829e-02  2.082705e-17  8.412829e-02
   endloop
 endfacet
 facet normal  0.000000e+00  0.000000e+00 -1.000000e+00
   outer loop
     vertex -8.412829e-02  1.052431e-17  8.412829e-02
     vertex -8.412829e-02  7.500000e-01  8.412829e-02
     vertex  8.412829e-02  7.500000e-01  8.412829e-02
   endloop
 endfacet
 facet normal  1.000000e+00  0.000000e+00  0.000000e+00
   outer loop
     vertex -8.412829e-02  2.215644e-19 -8.412829e-02
     vertex -8.412829e-02  7.500000e-01  8.412829e-02
     vertex -8.412829e-02  1.052431e-17  8.412829e-02
   endloop
 endfacet
 facet normal  1.000000e+00  0.000000e+00  0.000000e+00
   outer loop
     vertex -8.412829e-02  2.215644e-19 -8.412829e-02
     vertex -8.412829e-02  7.500000e-01 -8.412829e-02
     vertex -8.412829e-02  7.500000e-01  8.412829e-02
   endloop
 endfacet
endsolid
