solid 
 facet normal  0.000000e+00  0.000000e+00 -1.000000e+00
   outer loop
     vertex  7.031250e-02  9.089175e-18 -7.812500e-02
     vertex -7.812500e-02 -7.500000e-01 -7.812500e-02
     vertex -7.812500e-02  0.000000e+00 -7.812500e-02
   endloop
 endfacet
 facet normal  0.000000e+00 -0.000000e+00 -1.000000e+00
   outer loop
     vertex  7.031250e-02  9.089175e-18 -7.812500e-02
     vertex  7.031250e-02 -7.500000e-01 -7.812500e-02
     vertex -7.812500e-02 -7.500000e-01 -7.812500e-02
   endloop
 endfacet
 facet normal  1.000000e+00  0.000000e+00  0.000000e+00
   outer loop
     vertex  7.031250e-02  1.817835e-17  7.031250e-02
     vertex  7.031250e-02 -7.500000e-01 -7.812500e-02
     vertex  7.031250e-02  9.089175e-18 -7.812500e-02
   endloop
 endfacet
 facet normal  1.000000e+00  0.000000e+00  0.000000e+00
   outer loop
     vertex  7.031250e-02  1.817835e-17  7.031250e-02
     vertex  7.031250e-02 -7.500000e-01  7.031250e-02
     vertex  7.031250e-02 -7.500000e-01 -7.812500e-02
   endloop
 endfacet
 facet normal -0.000000e+00  0.000000e+00  1.000000e+00
   outer loop
     vertex -7.812500e-02  9.089175e-18  7.031250e-02
     vertex  7.031250e-02 -7.500000e-01  7.031250e-02
     vertex  7.031250e-02  1.817835e-17  7.031250e-02
   endloop
 endfacet
 facet normal  0.000000e+00  0.000000e+00  1.000000e+00
   outer loop
     vertex -7.812500e-02  9.089175e-18  7.031250e-02
     vertex -7.812500e-02 -7.500000e-01  7.031250e-02
     vertex  7.031250e-02 -7.500000e-01  7.031250e-02
   endloop
 endfacet
 facet normal -1.000000e+00  0.000000e+00  0.000000e+00
   outer loop
     vertex -7.812500e-02  0.000000e+00 -7.812500e-02
     vertex -7.812500e-02 -7.500000e-01  7.031250e-02
     vertex -7.812500e-02  9.089175e-18  7.031250e-02
   endloop
 endfacet
 facet normal -1.000000e+00  0.000000e+00  0.000000e+00
   outer loop
     vertex -7.812500e-02  0.000000e+00 -7.812500e-02
     vertex -7.812500e-02 -7.500000e-01 -7.812500e-02
     vertex -7.812500e-02 -7.500000e-01  7.031250e-02
   endloop
 endfacet
 facet normal  0.000000e+00  0.000000e+00  1.000000e+00
   outer loop
     vertex  6.875000e-02  9.089175e-18 -7.656250e-02
     vertex -7.656250e-02  1.913511e-19 -7.656250e-02
     vertex -7.656250e-02 -7.500000e-01 -7.656250e-02
   endloop
 endfacet
 facet normal  0.000000e+00  0.000000e+00  1.000000e+00
   outer loop
     vertex  6.875000e-02  9.089175e-18 -7.656250e-02
     vertex -7.656250e-02 -7.500000e-01 -7.656250e-02
     vertex  6.875000e-02 -7.500000e-01 -7.656250e-02
   endloop
 endfacet
 facet normal -1.000000e+00  0.000000e+00  0.000000e+00
   outer loop
     vertex  6.875000e-02  1.798700e-17  6.875000e-02
     vertex  6.875000e-02  9.089175e-18 -7.656250e-02
     vertex  6.875000e-02 -7.500000e-01 -7.656250e-02
   endloop
 endfacet
 facet normal -1.000000e+00 -0.000000e+00  0.000000e+00
   outer loop
     vertex  6.875000e-02  1.798700e-17  6.875000e-02
     vertex  6.875000e-02 -7.500000e-01 -7.656250e-02
     vertex  6.875000e-02 -7.500000e-01  6.875000e-02
   endloop
 endfacet
 facet normal  0.000000e+00  0.000000e+00 -1.000000e+00
   outer loop
     vertex -7.656250e-02  9.089175e-18  6.875000e-02
     vertex  6.875000e-02  1.798700e-17  6.875000e-02
     vertex  6.875000e-02 -7.500000e-01  6.875000e-02
   endloop
 endfacet
 facet normal  0.000000e+00  0.000000e+00 -1.000000e+00
   outer loop
     vertex -7.656250e-02  9.089175e-18  6.875000e-02
     vertex  6.875000e-02 -7.500000e-01  6.875000e-02
     vertex -7.656250e-02 -7.500000e-01  6.875000e-02
   endloop
 endfacet
 facet normal  1.000000e+00  0.000000e+00 -0.000000e+00
   outer loop
     vertex -7.656250e-02  1.913511e-19 -7.656250e-02
     vertex -7.656250e-02  9.089175e-18  6.875000e-02
     vertex -7.656250e-02 -7.500000e-01  6.875000e-02
   endloop
 endfacet
 facet normal  1.000000e+00  0.000000e+00  0.000000e+00
   outer loop
     vertex -7.656250e-02  1.913511e-19 -7.656250e-02
     vertex -7.656250e-02 -7.500000e-01  6.875000e-02
     vertex -7.656250e-02 -7.500000e-01 -7.656250e-02
   endloop
 endfacet
 facet normal -6.123234e-17  1.000000e+00 -6.123234e-17
   outer loop
     vertex  7.031250e-02  9.089175e-18 -7.812500e-02
     vertex -7.656250e-02  1.913511e-19 -7.656250e-02
     vertex  6.875000e-02  9.089175e-18 -7.656250e-02
   endloop
 endfacet
 facet normal -6.123234e-17  1.000000e+00 -6.123234e-17
   outer loop
     vertex  7.031250e-02  9.089175e-18 -7.812500e-02
     vertex -7.812500e-02  0.000000e+00 -7.812500e-02
     vertex -7.656250e-02  1.913511e-19 -7.656250e-02
   endloop
 endfacet
 facet normal -6.123234e-17  1.000000e+00 -6.123234e-17
   outer loop
     vertex -7.812500e-02  9.089175e-18  7.031250e-02
     vertex -7.656250e-02  9.089175e-18  6.875000e-02
     vertex -7.656250e-02  1.913511e-19 -7.656250e-02
   endloop
 endfacet
 facet normal -6.123234e-17  1.000000e+00 -6.123234e-17
   outer loop
     vertex -7.812500e-02  9.089175e-18  7.031250e-02
     vertex -7.656250e-02  1.913511e-19 -7.656250e-02
     vertex -7.812500e-02  0.000000e+00 -7.812500e-02
   endloop
 endfacet
 facet normal -6.123234e-17  1.000000e+00 -6.123234e-17
   outer loop
     vertex  7.031250e-02  1.817835e-17  7.031250e-02
     vertex  6.875000e-02  9.089175e-18 -7.656250e-02
     vertex  6.875000e-02  1.798700e-17  6.875000e-02
   endloop
 endfacet
 facet normal -6.123234e-17  1.000000e+00 -6.123234e-17
   outer loop
     vertex  7.031250e-02  1.817835e-17  7.031250e-02
     vertex  7.031250e-02  9.089175e-18 -7.812500e-02
     vertex  6.875000e-02  9.089175e-18 -7.656250e-02
   endloop
 endfacet
 facet normal -6.123234e-17  1.000000e+00 -6.123234e-17
   outer loop
     vertex  7.031250e-02  1.817835e-17  7.031250e-02
     vertex -7.656250e-02  9.089175e-18  6.875000e-02
     vertex -7.812500e-02  9.089175e-18  7.031250e-02
   endloop
 endfacet
 facet normal -6.123234e-17  1.000000e+00 -6.123234e-17
   outer loop
     vertex  7.031250e-02  1.817835e-17  7.031250e-02
     vertex  6.875000e-02  1.798700e-17  6.875000e-02
     vertex -7.656250e-02  9.089175e-18  6.875000e-02
   endloop
 endfacet
 facet normal  0.000000e+00 -1.000000e+00  0.000000e+00
   outer loop
     vertex  7.031250e-02 -7.500000e-01 -7.812500e-02
     vertex  6.875000e-02 -7.500000e-01 -7.656250e-02
     vertex -7.656250e-02 -7.500000e-01 -7.656250e-02
   endloop
 endfacet
 facet normal  0.000000e+00 -1.000000e+00  0.000000e+00
   outer loop
     vertex  7.031250e-02 -7.500000e-01 -7.812500e-02
     vertex -7.656250e-02 -7.500000e-01 -7.656250e-02
     vertex -7.812500e-02 -7.500000e-01 -7.812500e-02
   endloop
 endfacet
 facet normal  0.000000e+00 -1.000000e+00  0.000000e+00
   outer loop
     vertex -7.812500e-02 -7.500000e-01  7.031250e-02
     vertex -7.656250e-02 -7.500000e-01 -7.656250e-02
     vertex -7.656250e-02 -7.500000e-01  6.875000e-02
   endloop
 endfacet
 facet normal  0.000000e+00 -1.000000e+00  0.000000e+00
   outer loop
     vertex -7.812500e-02 -7.500000e-01  7.031250e-02
     vertex -7.812500e-02 -7.500000e-01 -7.812500e-02
     vertex -7.656250e-02 -7.500000e-01 -7.656250e-02
   endloop
 endfacet
 facet normal  0.000000e+00 -1.000000e+00  0.000000e+00
   outer loop
     vertex  7.031250e-02 -7.500000e-01  7.031250e-02
     vertex  6.875000e-02 -7.500000e-01  6.875000e-02
     vertex  6.875000e-02 -7.500000e-01 -7.656250e-02
   endloop
 endfacet
 facet normal  0.000000e+00 -1.000000e+00 -0.000000e+00
   outer loop
     vertex  7.031250e-02 -7.500000e-01  7.031250e-02
     vertex  6.875000e-02 -7.500000e-01 -7.656250e-02
     vertex  7.031250e-02 -7.500000e-01 -7.812500e-02
   endloop
 endfacet
 facet normal -0.000000e+00 -1.000000e+00  0.000000e+00
   outer loop
     vertex  7.031250e-02 -7.500000e-01  7.031250e-02
     vertex -7.812500e-02 -7.500000e-01  7.031250e-02
     vertex -7.656250e-02 -7.500000e-01  6.875000e-02
   endloop
 endfacet
 facet normal  0.000000e+00 -1.000000e+00  0.000000e+00
   outer loop
     vertex  7.031250e-02 -7.500000e-01  7.031250e-02
     vertex -7.656250e-02 -7.500000e-01  6.875000e-02
     vertex  6.875000e-02 -7.500000e-01  6.875000e-02
   endloop
 endfacet
endsolid
