solid 
 facet normal -0.000000e+00 -1.000000e+00  0.000000e+00
   outer loop
     vertex  7.500000e-01 -7.500000e-01  0.000000e+00
     vertex -7.500000e-01 -7.500000e-01  0.000000e+00
     vertex -7.500000e-01 -7.500000e-01 -5.468750e-01
   endloop
 endfacet
 facet normal  0.000000e+00 -1.000000e+00 -0.000000e+00
   outer loop
     vertex  7.500000e-01 -7.500000e-01  0.000000e+00
     vertex -7.500000e-01 -7.500000e-01 -5.468750e-01
     vertex  7.500000e-01 -7.500000e-01 -5.468750e-01
   endloop
 endfacet
 facet normal  1.000000e+00  0.000000e+00  0.000000e+00
   outer loop
     vertex  7.500000e-01  7.500000e-01  0.000000e+00
     vertex  7.500000e-01 -7.500000e-01  0.000000e+00
     vertex  7.500000e-01 -7.500000e-01 -5.468750e-01
   endloop
 endfacet
 facet normal  1.000000e+00  0.000000e+00  0.000000e+00
   outer loop
     vertex  7.500000e-01  7.500000e-01  0.000000e+00
     vertex  7.500000e-01 -7.500000e-01 -5.468750e-01
     vertex  7.500000e-01  7.500000e-01 -5.468750e-01
   endloop
 endfacet
 facet normal -0.000000e+00  1.000000e+00  0.000000e+00
   outer loop
     vertex -7.500000e-01  7.500000e-01  0.000000e+00
     vertex  7.500000e-01  7.500000e-01  0.000000e+00
     vertex  7.500000e-01  7.500000e-01 -5.468750e-01
   endloop
 endfacet
 facet normal  0.000000e+00  1.000000e+00  0.000000e+00
   outer loop
     vertex -7.500000e-01  7.500000e-01  0.000000e+00
     vertex  7.500000e-01  7.500000e-01 -5.468750e-01
     vertex -7.500000e-01  7.500000e-01 -5.468750e-01
   endloop
 endfacet
 facet normal -1.000000e+00  0.000000e+00  0.000000e+00
   outer loop
     vertex -7.500000e-01 -7.500000e-01  0.000000e+00
     vertex -7.500000e-01  7.500000e-01  0.000000e+00
     vertex -7.500000e-01  7.500000e-01 -5.468750e-01
   endloop
 endfacet
 facet normal -1.000000e+00  0.000000e+00  0.000000e+00
   outer loop
     vertex -7.500000e-01 -7.500000e-01  0.000000e+00
     vertex -7.500000e-01  7.500000e-01 -5.468750e-01
     vertex -7.500000e-01 -7.500000e-01 -5.468750e-01
   endloop
 endfacet
 facet normal -9.807853e-01 -1.950903e-01  0.000000e+00
   outer loop
     vertex  2.121207e-01  9.248792e-02  0.000000e+00
     vertex  2.289474e-01  7.894737e-03 -5.468750e-01
     vertex  2.289474e-01  7.894737e-03  0.000000e+00
   endloop
 endfacet
 facet normal -9.807853e-01 -1.950903e-01 -0.000000e+00
   outer loop
     vertex  2.121207e-01  9.248792e-02  0.000000e+00
     vertex  2.121207e-01  9.248792e-02 -5.468750e-01
     vertex  2.289474e-01  7.894737e-03 -5.468750e-01
   endloop
 endfacet
 facet normal -8.314696e-01 -5.555702e-01 -0.000000e+00
   outer loop
     vertex  1.642026e-01  1.642026e-01  0.000000e+00
     vertex  1.642026e-01  1.642026e-01 -5.468750e-01
     vertex  2.121207e-01  9.248792e-02 -5.468750e-01
   endloop
 endfacet
 facet normal -8.314696e-01 -5.555702e-01  0.000000e+00
   outer loop
     vertex  1.642026e-01  1.642026e-01  0.000000e+00
     vertex  2.121207e-01  9.248792e-02 -5.468750e-01
     vertex  2.121207e-01  9.248792e-02  0.000000e+00
   endloop
 endfacet
 facet normal -5.555702e-01 -8.314696e-01 -0.000000e+00
   outer loop
     vertex  9.248792e-02  2.121207e-01  0.000000e+00
     vertex  9.248792e-02  2.121207e-01 -5.468750e-01
     vertex  1.642026e-01  1.642026e-01 -5.468750e-01
   endloop
 endfacet
 facet normal -5.555702e-01 -8.314696e-01  0.000000e+00
   outer loop
     vertex  9.248792e-02  2.121207e-01  0.000000e+00
     vertex  1.642026e-01  1.642026e-01 -5.468750e-01
     vertex  1.642026e-01  1.642026e-01  0.000000e+00
   endloop
 endfacet
 facet normal -1.950903e-01 -9.807853e-01 -0.000000e+00
   outer loop
     vertex  7.894737e-03  2.289474e-01  0.000000e+00
     vertex  7.894737e-03  2.289474e-01 -5.468750e-01
     vertex  9.248792e-02  2.121207e-01 -5.468750e-01
   endloop
 endfacet
 facet normal -1.950903e-01 -9.807853e-01  0.000000e+00
   outer loop
     vertex  7.894737e-03  2.289474e-01  0.000000e+00
     vertex  9.248792e-02  2.121207e-01 -5.468750e-01
     vertex  9.248792e-02  2.121207e-01  0.000000e+00
   endloop
 endfacet
 facet normal  1.950903e-01 -9.807853e-01  0.000000e+00
   outer loop
     vertex -7.669844e-02  2.121207e-01  0.000000e+00
     vertex -7.669844e-02  2.121207e-01 -5.468750e-01
     vertex  7.894737e-03  2.289474e-01 -5.468750e-01
   endloop
 endfacet
 facet normal  1.950903e-01 -9.807853e-01  0.000000e+00
   outer loop
     vertex -7.669844e-02  2.121207e-01  0.000000e+00
     vertex  7.894737e-03  2.289474e-01 -5.468750e-01
     vertex  7.894737e-03  2.289474e-01  0.000000e+00
   endloop
 endfacet
 facet normal  5.555702e-01 -8.314696e-01  0.000000e+00
   outer loop
     vertex -1.484131e-01  1.642026e-01  0.000000e+00
     vertex -1.484131e-01  1.642026e-01 -5.468750e-01
     vertex -7.669844e-02  2.121207e-01 -5.468750e-01
   endloop
 endfacet
 facet normal  5.555702e-01 -8.314696e-01  0.000000e+00
   outer loop
     vertex -1.484131e-01  1.642026e-01  0.000000e+00
     vertex -7.669844e-02  2.121207e-01 -5.468750e-01
     vertex -7.669844e-02  2.121207e-01  0.000000e+00
   endloop
 endfacet
 facet normal  8.314696e-01 -5.555702e-01  0.000000e+00
   outer loop
     vertex -1.963313e-01  9.248792e-02  0.000000e+00
     vertex -1.963313e-01  9.248792e-02 -5.468750e-01
     vertex -1.484131e-01  1.642026e-01 -5.468750e-01
   endloop
 endfacet
 facet normal  9.807853e-01 -1.950903e-01  0.000000e+00
   outer loop
     vertex -1.963313e-01  9.248792e-02  0.000000e+00
     vertex -2.131579e-01  7.894737e-03 -5.468750e-01
     vertex -1.963313e-01  9.248792e-02 -5.468750e-01
   endloop
 endfacet
 facet normal  8.314696e-01 -5.555702e-01  0.000000e+00
   outer loop
     vertex -1.963313e-01  9.248792e-02  0.000000e+00
     vertex -1.484131e-01  1.642026e-01 -5.468750e-01
     vertex -1.484131e-01  1.642026e-01  0.000000e+00
   endloop
 endfacet
 facet normal  9.807853e-01 -1.950903e-01  0.000000e+00
   outer loop
     vertex -2.131579e-01  7.894737e-03  0.000000e+00
     vertex -2.131579e-01  7.894737e-03 -5.468750e-01
     vertex -1.963313e-01  9.248792e-02  0.000000e+00
   endloop
 endfacet
 facet normal  9.807853e-01  1.950903e-01  0.000000e+00
   outer loop
     vertex -1.963313e-01 -7.669844e-02  0.000000e+00
     vertex -1.963313e-01 -7.669844e-02 -5.468750e-01
     vertex -2.131579e-01  7.894737e-03 -5.468750e-01
   endloop
 endfacet
 facet normal  9.807853e-01  1.950903e-01  0.000000e+00
   outer loop
     vertex -1.963313e-01 -7.669844e-02  0.000000e+00
     vertex -2.131579e-01  7.894737e-03 -5.468750e-01
     vertex -2.131579e-01  7.894737e-03  0.000000e+00
   endloop
 endfacet
 facet normal  8.314696e-01  5.555702e-01  0.000000e+00
   outer loop
     vertex -1.484131e-01 -1.484131e-01  0.000000e+00
     vertex -1.484131e-01 -1.484131e-01 -5.468750e-01
     vertex -1.963313e-01 -7.669844e-02 -5.468750e-01
   endloop
 endfacet
 facet normal  5.555702e-01  8.314696e-01  0.000000e+00
   outer loop
     vertex -1.484131e-01 -1.484131e-01  0.000000e+00
     vertex -7.669844e-02 -1.963313e-01 -5.468750e-01
     vertex -1.484131e-01 -1.484131e-01 -5.468750e-01
   endloop
 endfacet
 facet normal  8.314696e-01  5.555702e-01  0.000000e+00
   outer loop
     vertex -1.484131e-01 -1.484131e-01  0.000000e+00
     vertex -1.963313e-01 -7.669844e-02 -5.468750e-01
     vertex -1.963313e-01 -7.669844e-02  0.000000e+00
   endloop
 endfacet
 facet normal  5.555702e-01  8.314696e-01  0.000000e+00
   outer loop
     vertex -7.669844e-02 -1.963313e-01  0.000000e+00
     vertex -7.669844e-02 -1.963313e-01 -5.468750e-01
     vertex -1.484131e-01 -1.484131e-01  0.000000e+00
   endloop
 endfacet
 facet normal  1.950903e-01  9.807853e-01  0.000000e+00
   outer loop
     vertex  7.894737e-03 -2.131579e-01  0.000000e+00
     vertex  7.894737e-03 -2.131579e-01 -5.468750e-01
     vertex -7.669844e-02 -1.963313e-01 -5.468750e-01
   endloop
 endfacet
 facet normal  1.950903e-01  9.807853e-01  0.000000e+00
   outer loop
     vertex  7.894737e-03 -2.131579e-01  0.000000e+00
     vertex -7.669844e-02 -1.963313e-01 -5.468750e-01
     vertex -7.669844e-02 -1.963313e-01  0.000000e+00
   endloop
 endfacet
 facet normal -1.950903e-01  9.807853e-01  0.000000e+00
   outer loop
     vertex  9.248792e-02 -1.963313e-01  0.000000e+00
     vertex  9.248792e-02 -1.963313e-01 -5.468750e-01
     vertex  7.894737e-03 -2.131579e-01 -5.468750e-01
   endloop
 endfacet
 facet normal -1.950903e-01  9.807853e-01  0.000000e+00
   outer loop
     vertex  9.248792e-02 -1.963313e-01  0.000000e+00
     vertex  7.894737e-03 -2.131579e-01 -5.468750e-01
     vertex  7.894737e-03 -2.131579e-01  0.000000e+00
   endloop
 endfacet
 facet normal -5.555702e-01  8.314696e-01  0.000000e+00
   outer loop
     vertex  1.642026e-01 -1.484131e-01  0.000000e+00
     vertex  1.642026e-01 -1.484131e-01 -5.468750e-01
     vertex  9.248792e-02 -1.963313e-01 -5.468750e-01
   endloop
 endfacet
 facet normal -5.555702e-01  8.314696e-01  0.000000e+00
   outer loop
     vertex  1.642026e-01 -1.484131e-01  0.000000e+00
     vertex  9.248792e-02 -1.963313e-01 -5.468750e-01
     vertex  9.248792e-02 -1.963313e-01  0.000000e+00
   endloop
 endfacet
 facet normal -8.314696e-01  5.555702e-01  0.000000e+00
   outer loop
     vertex  2.121207e-01 -7.669844e-02  0.000000e+00
     vertex  2.121207e-01 -7.669844e-02 -5.468750e-01
     vertex  1.642026e-01 -1.484131e-01 -5.468750e-01
   endloop
 endfacet
 facet normal -9.807853e-01  1.950903e-01  0.000000e+00
   outer loop
     vertex  2.121207e-01 -7.669844e-02  0.000000e+00
     vertex  2.289474e-01  7.894737e-03 -5.468750e-01
     vertex  2.121207e-01 -7.669844e-02 -5.468750e-01
   endloop
 endfacet
 facet normal -8.314696e-01  5.555702e-01  0.000000e+00
   outer loop
     vertex  2.121207e-01 -7.669844e-02  0.000000e+00
     vertex  1.642026e-01 -1.484131e-01 -5.468750e-01
     vertex  1.642026e-01 -1.484131e-01  0.000000e+00
   endloop
 endfacet
 facet normal -9.807853e-01  1.950903e-01  0.000000e+00
   outer loop
     vertex  2.289474e-01  7.894737e-03  0.000000e+00
     vertex  2.289474e-01  7.894737e-03 -5.468750e-01
     vertex  2.121207e-01 -7.669844e-02  0.000000e+00
   endloop
 endfacet
 facet normal  0.000000e+00  0.000000e+00  1.000000e+00
   outer loop
     vertex -7.669844e-02 -1.963313e-01  0.000000e+00
     vertex -1.484131e-01 -1.484131e-01  0.000000e+00
     vertex -7.500000e-01 -7.500000e-01  0.000000e+00
   endloop
 endfacet
 facet normal  0.000000e+00  0.000000e+00  1.000000e+00
   outer loop
     vertex -1.963313e-01 -7.669844e-02  0.000000e+00
     vertex -7.500000e-01 -7.500000e-01  0.000000e+00
     vertex -1.484131e-01 -1.484131e-01  0.000000e+00
   endloop
 endfacet
 facet normal  0.000000e+00  0.000000e+00  1.000000e+00
   outer loop
     vertex -2.131579e-01  7.894737e-03  0.000000e+00
     vertex -7.500000e-01 -7.500000e-01  0.000000e+00
     vertex -1.963313e-01 -7.669844e-02  0.000000e+00
   endloop
 endfacet
 facet normal  0.000000e+00  0.000000e+00  1.000000e+00
   outer loop
     vertex  7.894737e-03 -2.131579e-01  0.000000e+00
     vertex -7.669844e-02 -1.963313e-01  0.000000e+00
     vertex -7.500000e-01 -7.500000e-01  0.000000e+00
   endloop
 endfacet
 facet normal  0.000000e+00  0.000000e+00  1.000000e+00
   outer loop
     vertex -7.500000e-01  7.500000e-01  0.000000e+00
     vertex -2.131579e-01  7.894737e-03  0.000000e+00
     vertex -1.963313e-01  9.248792e-02  0.000000e+00
   endloop
 endfacet
 facet normal  0.000000e+00  0.000000e+00  1.000000e+00
   outer loop
     vertex -7.500000e-01  7.500000e-01  0.000000e+00
     vertex -7.500000e-01 -7.500000e-01  0.000000e+00
     vertex -2.131579e-01  7.894737e-03  0.000000e+00
   endloop
 endfacet
 facet normal  0.000000e+00  0.000000e+00  1.000000e+00
   outer loop
     vertex  7.500000e-01 -7.500000e-01  0.000000e+00
     vertex  9.248792e-02 -1.963313e-01  0.000000e+00
     vertex  7.894737e-03 -2.131579e-01  0.000000e+00
   endloop
 endfacet
 facet normal  0.000000e+00  0.000000e+00  1.000000e+00
   outer loop
     vertex  7.500000e-01 -7.500000e-01  0.000000e+00
     vertex  7.894737e-03 -2.131579e-01  0.000000e+00
     vertex -7.500000e-01 -7.500000e-01  0.000000e+00
   endloop
 endfacet
 facet normal  0.000000e+00  0.000000e+00  1.000000e+00
   outer loop
     vertex  1.642026e-01 -1.484131e-01  0.000000e+00
     vertex  9.248792e-02 -1.963313e-01  0.000000e+00
     vertex  7.500000e-01 -7.500000e-01  0.000000e+00
   endloop
 endfacet
 facet normal  0.000000e+00  0.000000e+00  1.000000e+00
   outer loop
     vertex -1.484131e-01  1.642026e-01  0.000000e+00
     vertex -7.500000e-01  7.500000e-01  0.000000e+00
     vertex -1.963313e-01  9.248792e-02  0.000000e+00
   endloop
 endfacet
 facet normal  0.000000e+00  0.000000e+00  1.000000e+00
   outer loop
     vertex -7.669844e-02  2.121207e-01  0.000000e+00
     vertex -7.500000e-01  7.500000e-01  0.000000e+00
     vertex -1.484131e-01  1.642026e-01  0.000000e+00
   endloop
 endfacet
 facet normal  0.000000e+00  0.000000e+00  1.000000e+00
   outer loop
     vertex  2.121207e-01 -7.669844e-02  0.000000e+00
     vertex  1.642026e-01 -1.484131e-01  0.000000e+00
     vertex  7.500000e-01 -7.500000e-01  0.000000e+00
   endloop
 endfacet
 facet normal  0.000000e+00  0.000000e+00  1.000000e+00
   outer loop
     vertex  7.894737e-03  2.289474e-01  0.000000e+00
     vertex -7.500000e-01  7.500000e-01  0.000000e+00
     vertex -7.669844e-02  2.121207e-01  0.000000e+00
   endloop
 endfacet
 facet normal  0.000000e+00  0.000000e+00  1.000000e+00
   outer loop
     vertex  2.289474e-01  7.894737e-03  0.000000e+00
     vertex  2.121207e-01 -7.669844e-02  0.000000e+00
     vertex  7.500000e-01 -7.500000e-01  0.000000e+00
   endloop
 endfacet
 facet normal  0.000000e+00  0.000000e+00  1.000000e+00
   outer loop
     vertex  7.500000e-01  7.500000e-01  0.000000e+00
     vertex  2.121207e-01  9.248792e-02  0.000000e+00
     vertex  2.289474e-01  7.894737e-03  0.000000e+00
   endloop
 endfacet
 facet normal  0.000000e+00  0.000000e+00  1.000000e+00
   outer loop
     vertex  7.500000e-01  7.500000e-01  0.000000e+00
     vertex  1.642026e-01  1.642026e-01  0.000000e+00
     vertex  2.121207e-01  9.248792e-02  0.000000e+00
   endloop
 endfacet
 facet normal  0.000000e+00  0.000000e+00  1.000000e+00
   outer loop
     vertex  7.500000e-01  7.500000e-01  0.000000e+00
     vertex  9.248792e-02  2.121207e-01  0.000000e+00
     vertex  1.642026e-01  1.642026e-01  0.000000e+00
   endloop
 endfacet
 facet normal  0.000000e+00  0.000000e+00  1.000000e+00
   outer loop
     vertex  7.500000e-01  7.500000e-01  0.000000e+00
     vertex  7.894737e-03  2.289474e-01  0.000000e+00
     vertex  9.248792e-02  2.121207e-01  0.000000e+00
   endloop
 endfacet
 facet normal  0.000000e+00  0.000000e+00  1.000000e+00
   outer loop
     vertex  7.500000e-01  7.500000e-01  0.000000e+00
     vertex  2.289474e-01  7.894737e-03  0.000000e+00
     vertex  7.500000e-01 -7.500000e-01  0.000000e+00
   endloop
 endfacet
 facet normal  0.000000e+00  0.000000e+00  1.000000e+00
   outer loop
     vertex  7.500000e-01  7.500000e-01  0.000000e+00
     vertex -7.500000e-01  7.500000e-01  0.000000e+00
     vertex  7.894737e-03  2.289474e-01  0.000000e+00
   endloop
 endfacet
 facet normal -0.000000e+00  0.000000e+00 -1.000000e+00
   outer loop
     vertex -7.669844e-02 -1.963313e-01 -5.468750e-01
     vertex -7.500000e-01 -7.500000e-01 -5.468750e-01
     vertex -1.484131e-01 -1.484131e-01 -5.468750e-01
   endloop
 endfacet
 facet normal  0.000000e+00 -0.000000e+00 -1.000000e+00
   outer loop
     vertex -1.963313e-01 -7.669844e-02 -5.468750e-01
     vertex -1.484131e-01 -1.484131e-01 -5.468750e-01
     vertex -7.500000e-01 -7.500000e-01 -5.468750e-01
   endloop
 endfacet
 facet normal  0.000000e+00 -0.000000e+00 -1.000000e+00
   outer loop
     vertex -2.131579e-01  7.894737e-03 -5.468750e-01
     vertex -1.963313e-01 -7.669844e-02 -5.468750e-01
     vertex -7.500000e-01 -7.500000e-01 -5.468750e-01
   endloop
 endfacet
 facet normal -0.000000e+00  0.000000e+00 -1.000000e+00
   outer loop
     vertex  7.894737e-03 -2.131579e-01 -5.468750e-01
     vertex -7.500000e-01 -7.500000e-01 -5.468750e-01
     vertex -7.669844e-02 -1.963313e-01 -5.468750e-01
   endloop
 endfacet
 facet normal  0.000000e+00  0.000000e+00 -1.000000e+00
   outer loop
     vertex -7.500000e-01  7.500000e-01 -5.468750e-01
     vertex -1.963313e-01  9.248792e-02 -5.468750e-01
     vertex -2.131579e-01  7.894737e-03 -5.468750e-01
   endloop
 endfacet
 facet normal  0.000000e+00  0.000000e+00 -1.000000e+00
   outer loop
     vertex -7.500000e-01  7.500000e-01 -5.468750e-01
     vertex -2.131579e-01  7.894737e-03 -5.468750e-01
     vertex -7.500000e-01 -7.500000e-01 -5.468750e-01
   endloop
 endfacet
 facet normal  0.000000e+00  0.000000e+00 -1.000000e+00
   outer loop
     vertex  7.500000e-01 -7.500000e-01 -5.468750e-01
     vertex  7.894737e-03 -2.131579e-01 -5.468750e-01
     vertex  9.248792e-02 -1.963313e-01 -5.468750e-01
   endloop
 endfacet
 facet normal  0.000000e+00  0.000000e+00 -1.000000e+00
   outer loop
     vertex  7.500000e-01 -7.500000e-01 -5.468750e-01
     vertex -7.500000e-01 -7.500000e-01 -5.468750e-01
     vertex  7.894737e-03 -2.131579e-01 -5.468750e-01
   endloop
 endfacet
 facet normal  0.000000e+00 -0.000000e+00 -1.000000e+00
   outer loop
     vertex  1.642026e-01 -1.484131e-01 -5.468750e-01
     vertex  7.500000e-01 -7.500000e-01 -5.468750e-01
     vertex  9.248792e-02 -1.963313e-01 -5.468750e-01
   endloop
 endfacet
 facet normal -0.000000e+00  0.000000e+00 -1.000000e+00
   outer loop
     vertex -1.484131e-01  1.642026e-01 -5.468750e-01
     vertex -1.963313e-01  9.248792e-02 -5.468750e-01
     vertex -7.500000e-01  7.500000e-01 -5.468750e-01
   endloop
 endfacet
 facet normal -0.000000e+00  0.000000e+00 -1.000000e+00
   outer loop
     vertex -7.669844e-02  2.121207e-01 -5.468750e-01
     vertex -1.484131e-01  1.642026e-01 -5.468750e-01
     vertex -7.500000e-01  7.500000e-01 -5.468750e-01
   endloop
 endfacet
 facet normal  0.000000e+00 -0.000000e+00 -1.000000e+00
   outer loop
     vertex  2.121207e-01 -7.669844e-02 -5.468750e-01
     vertex  7.500000e-01 -7.500000e-01 -5.468750e-01
     vertex  1.642026e-01 -1.484131e-01 -5.468750e-01
   endloop
 endfacet
 facet normal -0.000000e+00  0.000000e+00 -1.000000e+00
   outer loop
     vertex  7.894737e-03  2.289474e-01 -5.468750e-01
     vertex -7.669844e-02  2.121207e-01 -5.468750e-01
     vertex -7.500000e-01  7.500000e-01 -5.468750e-01
   endloop
 endfacet
 facet normal  0.000000e+00 -0.000000e+00 -1.000000e+00
   outer loop
     vertex  2.289474e-01  7.894737e-03 -5.468750e-01
     vertex  7.500000e-01 -7.500000e-01 -5.468750e-01
     vertex  2.121207e-01 -7.669844e-02 -5.468750e-01
   endloop
 endfacet
 facet normal  0.000000e+00  0.000000e+00 -1.000000e+00
   outer loop
     vertex  7.500000e-01  7.500000e-01 -5.468750e-01
     vertex  2.289474e-01  7.894737e-03 -5.468750e-01
     vertex  2.121207e-01  9.248792e-02 -5.468750e-01
   endloop
 endfacet
 facet normal  0.000000e+00  0.000000e+00 -1.000000e+00
   outer loop
     vertex  7.500000e-01  7.500000e-01 -5.468750e-01
     vertex  2.121207e-01  9.248792e-02 -5.468750e-01
     vertex  1.642026e-01  1.642026e-01 -5.468750e-01
   endloop
 endfacet
 facet normal  0.000000e+00  0.000000e+00 -1.000000e+00
   outer loop
     vertex  7.500000e-01  7.500000e-01 -5.468750e-01
     vertex  1.642026e-01  1.642026e-01 -5.468750e-01
     vertex  9.248792e-02  2.121207e-01 -5.468750e-01
   endloop
 endfacet
 facet normal  0.000000e+00  0.000000e+00 -1.000000e+00
   outer loop
     vertex  7.500000e-01  7.500000e-01 -5.468750e-01
     vertex  9.248792e-02  2.121207e-01 -5.468750e-01
     vertex  7.894737e-03  2.289474e-01 -5.468750e-01
   endloop
 endfacet
 facet normal  0.000000e+00 -0.000000e+00 -1.000000e+00
   outer loop
     vertex  7.500000e-01  7.500000e-01 -5.468750e-01
     vertex  7.500000e-01 -7.500000e-01 -5.468750e-01
     vertex  2.289474e-01  7.894737e-03 -5.468750e-01
   endloop
 endfacet
 facet normal -0.000000e+00  0.000000e+00 -1.000000e+00
   outer loop
     vertex  7.500000e-01  7.500000e-01 -5.468750e-01
     vertex  7.894737e-03  2.289474e-01 -5.468750e-01
     vertex -7.500000e-01  7.500000e-01 -5.468750e-01
   endloop
 endfacet
endsolid
