solid 
 facet normal  0.000000e+00  0.000000e+00 -1.000000e+00
   outer loop
     vertex  3.125000e-02  4.783777e-18 -4.687500e-02
     vertex -4.687500e-02 -7.500000e-01 -4.687500e-02
     vertex -4.687500e-02  0.000000e+00 -4.687500e-02
   endloop
 endfacet
 facet normal  0.000000e+00 -0.000000e+00 -1.000000e+00
   outer loop
     vertex  3.125000e-02  4.783777e-18 -4.687500e-02
     vertex  3.125000e-02 -7.500000e-01 -4.687500e-02
     vertex -4.687500e-02 -7.500000e-01 -4.687500e-02
   endloop
 endfacet
 facet normal -1.000000e+00  0.000000e+00  0.000000e+00
   outer loop
     vertex -4.687500e-02  0.000000e+00 -4.687500e-02
     vertex -4.687500e-02 -7.500000e-01  3.125000e-02
     vertex -4.687500e-02  4.783777e-18  3.125000e-02
   endloop
 endfacet
 facet normal -1.000000e+00  0.000000e+00  0.000000e+00
   outer loop
     vertex -4.687500e-02  0.000000e+00 -4.687500e-02
     vertex -4.687500e-02 -7.500000e-01 -4.687500e-02
     vertex -4.687500e-02 -7.500000e-01  3.125000e-02
   endloop
 endfacet
 facet normal  1.000000e+00  0.000000e+00  0.000000e+00
   outer loop
     vertex  3.125000e-02  9.567553e-18  3.125000e-02
     vertex  3.125000e-02 -7.500000e-01 -4.687500e-02
     vertex  3.125000e-02  4.783777e-18 -4.687500e-02
   endloop
 endfacet
 facet normal  1.000000e+00  0.000000e+00  0.000000e+00
   outer loop
     vertex  3.125000e-02  9.567553e-18  3.125000e-02
     vertex  3.125000e-02 -7.500000e-01  3.125000e-02
     vertex  3.125000e-02 -7.500000e-01 -4.687500e-02
   endloop
 endfacet
 facet normal -0.000000e+00  0.000000e+00 -1.000000e+00
   outer loop
     vertex  3.125000e-02  4.783777e-18 -4.687500e-02
     vertex -4.687500e-02  0.000000e+00 -4.687500e-02
     vertex -4.687500e-02  7.500000e-01 -4.687500e-02
   endloop
 endfacet
 facet normal  0.000000e+00  0.000000e+00 -1.000000e+00
   outer loop
     vertex  3.125000e-02  4.783777e-18 -4.687500e-02
     vertex -4.687500e-02  7.500000e-01 -4.687500e-02
     vertex  3.125000e-02  7.500000e-01 -4.687500e-02
   endloop
 endfacet
 facet normal  0.000000e+00 -1.000000e+00  0.000000e+00
   outer loop
     vertex  3.125000e-02 -7.500000e-01 -4.687500e-02
     vertex  2.713816e-02 -7.500000e-01 -4.276316e-02
     vertex -4.276316e-02 -7.500000e-01 -4.276316e-02
   endloop
 endfacet
 facet normal  0.000000e+00 -1.000000e+00  0.000000e+00
   outer loop
     vertex  3.125000e-02 -7.500000e-01 -4.687500e-02
     vertex -4.276316e-02 -7.500000e-01 -4.276316e-02
     vertex -4.687500e-02 -7.500000e-01 -4.687500e-02
   endloop
 endfacet
 facet normal  0.000000e+00 -1.000000e+00  0.000000e+00
   outer loop
     vertex -4.687500e-02 -7.500000e-01  3.125000e-02
     vertex -4.276316e-02 -7.500000e-01 -4.276316e-02
     vertex -4.276316e-02 -7.500000e-01  2.713816e-02
   endloop
 endfacet
 facet normal  0.000000e+00 -1.000000e+00  0.000000e+00
   outer loop
     vertex -4.687500e-02 -7.500000e-01  3.125000e-02
     vertex -4.687500e-02 -7.500000e-01 -4.687500e-02
     vertex -4.276316e-02 -7.500000e-01 -4.276316e-02
   endloop
 endfacet
 facet normal  0.000000e+00 -1.000000e+00  0.000000e+00
   outer loop
     vertex  3.125000e-02 -7.500000e-01  3.125000e-02
     vertex  2.713816e-02 -7.500000e-01  2.713816e-02
     vertex  2.713816e-02 -7.500000e-01 -4.276316e-02
   endloop
 endfacet
 facet normal  0.000000e+00 -1.000000e+00 -0.000000e+00
   outer loop
     vertex  3.125000e-02 -7.500000e-01  3.125000e-02
     vertex  2.713816e-02 -7.500000e-01 -4.276316e-02
     vertex  3.125000e-02 -7.500000e-01 -4.687500e-02
   endloop
 endfacet
 facet normal -0.000000e+00 -1.000000e+00  0.000000e+00
   outer loop
     vertex  3.125000e-02 -7.500000e-01  3.125000e-02
     vertex -4.687500e-02 -7.500000e-01  3.125000e-02
     vertex -4.276316e-02 -7.500000e-01  2.713816e-02
   endloop
 endfacet
 facet normal  0.000000e+00 -1.000000e+00  0.000000e+00
   outer loop
     vertex  3.125000e-02 -7.500000e-01  3.125000e-02
     vertex -4.276316e-02 -7.500000e-01  2.713816e-02
     vertex  2.713816e-02 -7.500000e-01  2.713816e-02
   endloop
 endfacet
 facet normal -0.000000e+00  0.000000e+00  1.000000e+00
   outer loop
     vertex -4.687500e-02  4.783777e-18  3.125000e-02
     vertex  3.125000e-02 -7.500000e-01  3.125000e-02
     vertex  3.125000e-02  9.567553e-18  3.125000e-02
   endloop
 endfacet
 facet normal  0.000000e+00  0.000000e+00  1.000000e+00
   outer loop
     vertex -4.687500e-02  4.783777e-18  3.125000e-02
     vertex -4.687500e-02 -7.500000e-01  3.125000e-02
     vertex  3.125000e-02 -7.500000e-01  3.125000e-02
   endloop
 endfacet
 facet normal -1.000000e+00  0.000000e+00  0.000000e+00
   outer loop
     vertex -4.687500e-02  0.000000e+00 -4.687500e-02
     vertex -4.687500e-02  4.783777e-18  3.125000e-02
     vertex -4.687500e-02  7.500000e-01  3.125000e-02
   endloop
 endfacet
 facet normal -1.000000e+00  0.000000e+00  0.000000e+00
   outer loop
     vertex -4.687500e-02  0.000000e+00 -4.687500e-02
     vertex -4.687500e-02  7.500000e-01  3.125000e-02
     vertex -4.687500e-02  7.500000e-01 -4.687500e-02
   endloop
 endfacet
 facet normal  1.000000e+00  0.000000e+00  0.000000e+00
   outer loop
     vertex  3.125000e-02  9.567553e-18  3.125000e-02
     vertex  3.125000e-02  4.783777e-18 -4.687500e-02
     vertex  3.125000e-02  7.500000e-01 -4.687500e-02
   endloop
 endfacet
 facet normal  1.000000e+00 -0.000000e+00  0.000000e+00
   outer loop
     vertex  3.125000e-02  9.567553e-18  3.125000e-02
     vertex  3.125000e-02  7.500000e-01 -4.687500e-02
     vertex  3.125000e-02  7.500000e-01  3.125000e-02
   endloop
 endfacet
 facet normal  0.000000e+00  1.000000e+00  0.000000e+00
   outer loop
     vertex  3.125000e-02  7.500000e-01 -4.687500e-02
     vertex -4.276316e-02  7.500000e-01 -4.276316e-02
     vertex  2.713816e-02  7.500000e-01 -4.276316e-02
   endloop
 endfacet
 facet normal  0.000000e+00  1.000000e+00  0.000000e+00
   outer loop
     vertex  3.125000e-02  7.500000e-01 -4.687500e-02
     vertex -4.687500e-02  7.500000e-01 -4.687500e-02
     vertex -4.276316e-02  7.500000e-01 -4.276316e-02
   endloop
 endfacet
 facet normal  0.000000e+00  1.000000e+00  0.000000e+00
   outer loop
     vertex -4.687500e-02  7.500000e-01  3.125000e-02
     vertex -4.276316e-02  7.500000e-01  2.713816e-02
     vertex -4.276316e-02  7.500000e-01 -4.276316e-02
   endloop
 endfacet
 facet normal  0.000000e+00  1.000000e+00  0.000000e+00
   outer loop
     vertex -4.687500e-02  7.500000e-01  3.125000e-02
     vertex -4.276316e-02  7.500000e-01 -4.276316e-02
     vertex -4.687500e-02  7.500000e-01 -4.687500e-02
   endloop
 endfacet
 facet normal  0.000000e+00  1.000000e+00  0.000000e+00
   outer loop
     vertex  3.125000e-02  7.500000e-01  3.125000e-02
     vertex  2.713816e-02  7.500000e-01 -4.276316e-02
     vertex  2.713816e-02  7.500000e-01  2.713816e-02
   endloop
 endfacet
 facet normal  0.000000e+00  1.000000e+00  0.000000e+00
   outer loop
     vertex  3.125000e-02  7.500000e-01  3.125000e-02
     vertex  3.125000e-02  7.500000e-01 -4.687500e-02
     vertex  2.713816e-02  7.500000e-01 -4.276316e-02
   endloop
 endfacet
 facet normal  0.000000e+00  1.000000e+00  0.000000e+00
   outer loop
     vertex  3.125000e-02  7.500000e-01  3.125000e-02
     vertex -4.276316e-02  7.500000e-01  2.713816e-02
     vertex -4.687500e-02  7.500000e-01  3.125000e-02
   endloop
 endfacet
 facet normal  0.000000e+00  1.000000e+00  0.000000e+00
   outer loop
     vertex  3.125000e-02  7.500000e-01  3.125000e-02
     vertex  2.713816e-02  7.500000e-01  2.713816e-02
     vertex -4.276316e-02  7.500000e-01  2.713816e-02
   endloop
 endfacet
 facet normal  0.000000e+00  0.000000e+00  1.000000e+00
   outer loop
     vertex  2.713816e-02  4.783777e-18 -4.276316e-02
     vertex -4.276316e-02  5.035554e-19 -4.276316e-02
     vertex -4.276316e-02 -7.500000e-01 -4.276316e-02
   endloop
 endfacet
 facet normal  0.000000e+00  0.000000e+00  1.000000e+00
   outer loop
     vertex  2.713816e-02  4.783777e-18 -4.276316e-02
     vertex -4.276316e-02 -7.500000e-01 -4.276316e-02
     vertex  2.713816e-02 -7.500000e-01 -4.276316e-02
   endloop
 endfacet
 facet normal -1.000000e+00  0.000000e+00  0.000000e+00
   outer loop
     vertex  2.713816e-02  9.063998e-18  2.713816e-02
     vertex  2.713816e-02  4.783777e-18 -4.276316e-02
     vertex  2.713816e-02 -7.500000e-01 -4.276316e-02
   endloop
 endfacet
 facet normal -1.000000e+00 -0.000000e+00  0.000000e+00
   outer loop
     vertex  2.713816e-02  9.063998e-18  2.713816e-02
     vertex  2.713816e-02 -7.500000e-01 -4.276316e-02
     vertex  2.713816e-02 -7.500000e-01  2.713816e-02
   endloop
 endfacet
 facet normal  0.000000e+00  0.000000e+00 -1.000000e+00
   outer loop
     vertex -4.276316e-02  4.783777e-18  2.713816e-02
     vertex  2.713816e-02  9.063998e-18  2.713816e-02
     vertex  2.713816e-02 -7.500000e-01  2.713816e-02
   endloop
 endfacet
 facet normal  0.000000e+00  0.000000e+00 -1.000000e+00
   outer loop
     vertex -4.276316e-02  4.783777e-18  2.713816e-02
     vertex  2.713816e-02 -7.500000e-01  2.713816e-02
     vertex -4.276316e-02 -7.500000e-01  2.713816e-02
   endloop
 endfacet
 facet normal  1.000000e+00  0.000000e+00 -0.000000e+00
   outer loop
     vertex -4.276316e-02  5.035554e-19 -4.276316e-02
     vertex -4.276316e-02  4.783777e-18  2.713816e-02
     vertex -4.276316e-02 -7.500000e-01  2.713816e-02
   endloop
 endfacet
 facet normal  1.000000e+00  0.000000e+00  0.000000e+00
   outer loop
     vertex -4.276316e-02  5.035554e-19 -4.276316e-02
     vertex -4.276316e-02 -7.500000e-01  2.713816e-02
     vertex -4.276316e-02 -7.500000e-01 -4.276316e-02
   endloop
 endfacet
 facet normal  0.000000e+00  0.000000e+00  1.000000e+00
   outer loop
     vertex -4.687500e-02  4.783777e-18  3.125000e-02
     vertex  3.125000e-02  9.567553e-18  3.125000e-02
     vertex  3.125000e-02  7.500000e-01  3.125000e-02
   endloop
 endfacet
 facet normal  0.000000e+00  0.000000e+00  1.000000e+00
   outer loop
     vertex -4.687500e-02  4.783777e-18  3.125000e-02
     vertex  3.125000e-02  7.500000e-01  3.125000e-02
     vertex -4.687500e-02  7.500000e-01  3.125000e-02
   endloop
 endfacet
 facet normal  0.000000e+00  0.000000e+00  1.000000e+00
   outer loop
     vertex  2.713816e-02  4.783777e-18 -4.276316e-02
     vertex -4.276316e-02  7.500000e-01 -4.276316e-02
     vertex -4.276316e-02  5.035554e-19 -4.276316e-02
   endloop
 endfacet
 facet normal  0.000000e+00 -0.000000e+00  1.000000e+00
   outer loop
     vertex  2.713816e-02  4.783777e-18 -4.276316e-02
     vertex  2.713816e-02  7.500000e-01 -4.276316e-02
     vertex -4.276316e-02  7.500000e-01 -4.276316e-02
   endloop
 endfacet
 facet normal -1.000000e+00  0.000000e+00 -0.000000e+00
   outer loop
     vertex  2.713816e-02  9.063998e-18  2.713816e-02
     vertex  2.713816e-02  7.500000e-01 -4.276316e-02
     vertex  2.713816e-02  4.783777e-18 -4.276316e-02
   endloop
 endfacet
 facet normal -1.000000e+00  0.000000e+00  0.000000e+00
   outer loop
     vertex  2.713816e-02  9.063998e-18  2.713816e-02
     vertex  2.713816e-02  7.500000e-01  2.713816e-02
     vertex  2.713816e-02  7.500000e-01 -4.276316e-02
   endloop
 endfacet
 facet normal  0.000000e+00  0.000000e+00 -1.000000e+00
   outer loop
     vertex -4.276316e-02  4.783777e-18  2.713816e-02
     vertex  2.713816e-02  7.500000e-01  2.713816e-02
     vertex  2.713816e-02  9.063998e-18  2.713816e-02
   endloop
 endfacet
 facet normal  0.000000e+00  0.000000e+00 -1.000000e+00
   outer loop
     vertex -4.276316e-02  4.783777e-18  2.713816e-02
     vertex -4.276316e-02  7.500000e-01  2.713816e-02
     vertex  2.713816e-02  7.500000e-01  2.713816e-02
   endloop
 endfacet
 facet normal  1.000000e+00  0.000000e+00  0.000000e+00
   outer loop
     vertex -4.276316e-02  5.035554e-19 -4.276316e-02
     vertex -4.276316e-02  7.500000e-01  2.713816e-02
     vertex -4.276316e-02  4.783777e-18  2.713816e-02
   endloop
 endfacet
 facet normal  1.000000e+00  0.000000e+00  0.000000e+00
   outer loop
     vertex -4.276316e-02  5.035554e-19 -4.276316e-02
     vertex -4.276316e-02  7.500000e-01 -4.276316e-02
     vertex -4.276316e-02  7.500000e-01  2.713816e-02
   endloop
 endfacet
endsolid
