solid 
 facet normal  0.000000e+00  0.000000e+00 -1.000000e+00
   outer loop
     vertex  4.687500e-02  6.218910e-18 -5.468750e-02
     vertex -5.468750e-02 -7.500000e-01 -5.468750e-02
     vertex -5.468750e-02  0.000000e+00 -5.468750e-02
   endloop
 endfacet
 facet normal  0.000000e+00 -0.000000e+00 -1.000000e+00
   outer loop
     vertex  4.687500e-02  6.218910e-18 -5.468750e-02
     vertex  4.687500e-02 -7.500000e-01 -5.468750e-02
     vertex -5.468750e-02 -7.500000e-01 -5.468750e-02
   endloop
 endfacet
 facet normal  1.000000e+00  0.000000e+00  0.000000e+00
   outer loop
     vertex  4.687500e-02  1.243782e-17  4.687500e-02
     vertex  4.687500e-02 -7.500000e-01 -5.468750e-02
     vertex  4.687500e-02  6.218910e-18 -5.468750e-02
   endloop
 endfacet
 facet normal  1.000000e+00  0.000000e+00  0.000000e+00
   outer loop
     vertex  4.687500e-02  1.243782e-17  4.687500e-02
     vertex  4.687500e-02 -7.500000e-01  4.687500e-02
     vertex  4.687500e-02 -7.500000e-01 -5.468750e-02
   endloop
 endfacet
 facet normal -0.000000e+00  0.000000e+00  1.000000e+00
   outer loop
     vertex -5.468750e-02  6.218910e-18  4.687500e-02
     vertex  4.687500e-02 -7.500000e-01  4.687500e-02
     vertex  4.687500e-02  1.243782e-17  4.687500e-02
   endloop
 endfacet
 facet normal  0.000000e+00  0.000000e+00  1.000000e+00
   outer loop
     vertex -5.468750e-02  6.218910e-18  4.687500e-02
     vertex -5.468750e-02 -7.500000e-01  4.687500e-02
     vertex  4.687500e-02 -7.500000e-01  4.687500e-02
   endloop
 endfacet
 facet normal -1.000000e+00  0.000000e+00  0.000000e+00
   outer loop
     vertex -5.468750e-02  0.000000e+00 -5.468750e-02
     vertex -5.468750e-02 -7.500000e-01  4.687500e-02
     vertex -5.468750e-02  6.218910e-18  4.687500e-02
   endloop
 endfacet
 facet normal -1.000000e+00  0.000000e+00  0.000000e+00
   outer loop
     vertex -5.468750e-02  0.000000e+00 -5.468750e-02
     vertex -5.468750e-02 -7.500000e-01 -5.468750e-02
     vertex -5.468750e-02 -7.500000e-01  4.687500e-02
   endloop
 endfacet
 facet normal  0.000000e+00  0.000000e+00  1.000000e+00
   outer loop
     vertex  3.404605e-02  6.218910e-18 -4.185855e-02
     vertex -4.185855e-02  1.571093e-18 -4.185855e-02
     vertex -4.185855e-02 -7.500000e-01 -4.185855e-02
   endloop
 endfacet
 facet normal  0.000000e+00  0.000000e+00  1.000000e+00
   outer loop
     vertex  3.404605e-02  6.218910e-18 -4.185855e-02
     vertex -4.185855e-02 -7.500000e-01 -4.185855e-02
     vertex  3.404605e-02 -7.500000e-01 -4.185855e-02
   endloop
 endfacet
 facet normal -1.000000e+00  0.000000e+00  0.000000e+00
   outer loop
     vertex  3.404605e-02  1.086673e-17  3.404605e-02
     vertex  3.404605e-02  6.218910e-18 -4.185855e-02
     vertex  3.404605e-02 -7.500000e-01 -4.185855e-02
   endloop
 endfacet
 facet normal -1.000000e+00 -0.000000e+00  0.000000e+00
   outer loop
     vertex  3.404605e-02  1.086673e-17  3.404605e-02
     vertex  3.404605e-02 -7.500000e-01 -4.185855e-02
     vertex  3.404605e-02 -7.500000e-01  3.404605e-02
   endloop
 endfacet
 facet normal  0.000000e+00  0.000000e+00 -1.000000e+00
   outer loop
     vertex -4.185855e-02  6.218910e-18  3.404605e-02
     vertex  3.404605e-02  1.086673e-17  3.404605e-02
     vertex  3.404605e-02 -7.500000e-01  3.404605e-02
   endloop
 endfacet
 facet normal  0.000000e+00  0.000000e+00 -1.000000e+00
   outer loop
     vertex -4.185855e-02  6.218910e-18  3.404605e-02
     vertex  3.404605e-02 -7.500000e-01  3.404605e-02
     vertex -4.185855e-02 -7.500000e-01  3.404605e-02
   endloop
 endfacet
 facet normal  1.000000e+00  0.000000e+00 -0.000000e+00
   outer loop
     vertex -4.185855e-02  1.571093e-18 -4.185855e-02
     vertex -4.185855e-02  6.218910e-18  3.404605e-02
     vertex -4.185855e-02 -7.500000e-01  3.404605e-02
   endloop
 endfacet
 facet normal  1.000000e+00  0.000000e+00  0.000000e+00
   outer loop
     vertex -4.185855e-02  1.571093e-18 -4.185855e-02
     vertex -4.185855e-02 -7.500000e-01  3.404605e-02
     vertex -4.185855e-02 -7.500000e-01 -4.185855e-02
   endloop
 endfacet
 facet normal -6.123234e-17  1.000000e+00 -6.123234e-17
   outer loop
     vertex  3.404605e-02  6.218910e-18 -4.185855e-02
     vertex  4.687500e-02  6.218910e-18 -5.468750e-02
     vertex -5.468750e-02  0.000000e+00 -5.468750e-02
   endloop
 endfacet
 facet normal -6.123234e-17  1.000000e+00 -6.123234e-17
   outer loop
     vertex  3.404605e-02  6.218910e-18 -4.185855e-02
     vertex -5.468750e-02  0.000000e+00 -5.468750e-02
     vertex -4.185855e-02  1.571093e-18 -4.185855e-02
   endloop
 endfacet
 facet normal -6.123234e-17  1.000000e+00 -6.123234e-17
   outer loop
     vertex -4.185855e-02  6.218910e-18  3.404605e-02
     vertex -5.468750e-02  0.000000e+00 -5.468750e-02
     vertex -5.468750e-02  6.218910e-18  4.687500e-02
   endloop
 endfacet
 facet normal -6.123234e-17  1.000000e+00 -6.123234e-17
   outer loop
     vertex -4.185855e-02  6.218910e-18  3.404605e-02
     vertex -4.185855e-02  1.571093e-18 -4.185855e-02
     vertex -5.468750e-02  0.000000e+00 -5.468750e-02
   endloop
 endfacet
 facet normal -6.123234e-17  1.000000e+00 -6.123234e-17
   outer loop
     vertex  4.687500e-02  1.243782e-17  4.687500e-02
     vertex  3.404605e-02  1.086673e-17  3.404605e-02
     vertex -4.185855e-02  6.218910e-18  3.404605e-02
   endloop
 endfacet
 facet normal -6.123234e-17  1.000000e+00 -6.123234e-17
   outer loop
     vertex  4.687500e-02  1.243782e-17  4.687500e-02
     vertex  3.404605e-02  6.218910e-18 -4.185855e-02
     vertex  3.404605e-02  1.086673e-17  3.404605e-02
   endloop
 endfacet
 facet normal -6.123234e-17  1.000000e+00 -6.123234e-17
   outer loop
     vertex  4.687500e-02  1.243782e-17  4.687500e-02
     vertex  4.687500e-02  6.218910e-18 -5.468750e-02
     vertex  3.404605e-02  6.218910e-18 -4.185855e-02
   endloop
 endfacet
 facet normal -6.123234e-17  1.000000e+00 -6.123234e-17
   outer loop
     vertex  4.687500e-02  1.243782e-17  4.687500e-02
     vertex -4.185855e-02  6.218910e-18  3.404605e-02
     vertex -5.468750e-02  6.218910e-18  4.687500e-02
   endloop
 endfacet
 facet normal  0.000000e+00 -1.000000e+00 -0.000000e+00
   outer loop
     vertex  3.404605e-02 -7.500000e-01 -4.185855e-02
     vertex -5.468750e-02 -7.500000e-01 -5.468750e-02
     vertex  4.687500e-02 -7.500000e-01 -5.468750e-02
   endloop
 endfacet
 facet normal -0.000000e+00 -1.000000e+00  0.000000e+00
   outer loop
     vertex  3.404605e-02 -7.500000e-01 -4.185855e-02
     vertex -4.185855e-02 -7.500000e-01 -4.185855e-02
     vertex -5.468750e-02 -7.500000e-01 -5.468750e-02
   endloop
 endfacet
 facet normal -0.000000e+00 -1.000000e+00  0.000000e+00
   outer loop
     vertex -4.185855e-02 -7.500000e-01  3.404605e-02
     vertex -5.468750e-02 -7.500000e-01  4.687500e-02
     vertex -5.468750e-02 -7.500000e-01 -5.468750e-02
   endloop
 endfacet
 facet normal  0.000000e+00 -1.000000e+00 -0.000000e+00
   outer loop
     vertex -4.185855e-02 -7.500000e-01  3.404605e-02
     vertex -5.468750e-02 -7.500000e-01 -5.468750e-02
     vertex -4.185855e-02 -7.500000e-01 -4.185855e-02
   endloop
 endfacet
 facet normal  0.000000e+00 -1.000000e+00  0.000000e+00
   outer loop
     vertex  4.687500e-02 -7.500000e-01  4.687500e-02
     vertex -4.185855e-02 -7.500000e-01  3.404605e-02
     vertex  3.404605e-02 -7.500000e-01  3.404605e-02
   endloop
 endfacet
 facet normal  0.000000e+00 -1.000000e+00  0.000000e+00
   outer loop
     vertex  4.687500e-02 -7.500000e-01  4.687500e-02
     vertex  3.404605e-02 -7.500000e-01  3.404605e-02
     vertex  3.404605e-02 -7.500000e-01 -4.185855e-02
   endloop
 endfacet
 facet normal  0.000000e+00 -1.000000e+00 -0.000000e+00
   outer loop
     vertex  4.687500e-02 -7.500000e-01  4.687500e-02
     vertex  3.404605e-02 -7.500000e-01 -4.185855e-02
     vertex  4.687500e-02 -7.500000e-01 -5.468750e-02
   endloop
 endfacet
 facet normal -0.000000e+00 -1.000000e+00  0.000000e+00
   outer loop
     vertex  4.687500e-02 -7.500000e-01  4.687500e-02
     vertex -5.468750e-02 -7.500000e-01  4.687500e-02
     vertex -4.185855e-02 -7.500000e-01  3.404605e-02
   endloop
 endfacet
endsolid
