solid 
 facet normal  0.000000e+00  0.000000e+00 -1.000000e+00
   outer loop
     vertex  3.125000e-02  3.348644e-18 -2.343750e-02
     vertex -2.343750e-02 -7.500000e-01 -2.343750e-02
     vertex -2.343750e-02  0.000000e+00 -2.343750e-02
   endloop
 endfacet
 facet normal  0.000000e+00 -0.000000e+00 -1.000000e+00
   outer loop
     vertex  3.125000e-02  3.348644e-18 -2.343750e-02
     vertex  3.125000e-02 -7.500000e-01 -2.343750e-02
     vertex -2.343750e-02 -7.500000e-01 -2.343750e-02
   endloop
 endfacet
 facet normal -1.000000e+00  0.000000e+00  0.000000e+00
   outer loop
     vertex -2.343750e-02  0.000000e+00 -2.343750e-02
     vertex -2.343750e-02 -7.500000e-01  3.125000e-02
     vertex -2.343750e-02  3.348644e-18  3.125000e-02
   endloop
 endfacet
 facet normal -1.000000e+00  0.000000e+00  0.000000e+00
   outer loop
     vertex -2.343750e-02  0.000000e+00 -2.343750e-02
     vertex -2.343750e-02 -7.500000e-01 -2.343750e-02
     vertex -2.343750e-02 -7.500000e-01  3.125000e-02
   endloop
 endfacet
 facet normal  1.000000e+00  0.000000e+00  0.000000e+00
   outer loop
     vertex  3.125000e-02  6.697287e-18  3.125000e-02
     vertex  3.125000e-02 -7.500000e-01 -2.343750e-02
     vertex  3.125000e-02  3.348644e-18 -2.343750e-02
   endloop
 endfacet
 facet normal  1.000000e+00  0.000000e+00  0.000000e+00
   outer loop
     vertex  3.125000e-02  6.697287e-18  3.125000e-02
     vertex  3.125000e-02 -7.500000e-01  3.125000e-02
     vertex  3.125000e-02 -7.500000e-01 -2.343750e-02
   endloop
 endfacet
 facet normal -0.000000e+00  0.000000e+00 -1.000000e+00
   outer loop
     vertex  3.125000e-02  3.348644e-18 -2.343750e-02
     vertex -2.343750e-02  0.000000e+00 -2.343750e-02
     vertex -2.343750e-02  7.500000e-01 -2.343750e-02
   endloop
 endfacet
 facet normal  0.000000e+00  0.000000e+00 -1.000000e+00
   outer loop
     vertex  3.125000e-02  3.348644e-18 -2.343750e-02
     vertex -2.343750e-02  7.500000e-01 -2.343750e-02
     vertex  3.125000e-02  7.500000e-01 -2.343750e-02
   endloop
 endfacet
 facet normal  0.000000e+00 -1.000000e+00  0.000000e+00
   outer loop
     vertex -2.343750e-02 -7.500000e-01  3.125000e-02
     vertex -1.652961e-02 -7.500000e-01 -1.652961e-02
     vertex -1.652961e-02 -7.500000e-01  2.434211e-02
   endloop
 endfacet
 facet normal  0.000000e+00 -1.000000e+00  0.000000e+00
   outer loop
     vertex -2.343750e-02 -7.500000e-01  3.125000e-02
     vertex -2.343750e-02 -7.500000e-01 -2.343750e-02
     vertex -1.652961e-02 -7.500000e-01 -1.652961e-02
   endloop
 endfacet
 facet normal  0.000000e+00 -1.000000e+00  0.000000e+00
   outer loop
     vertex  3.125000e-02 -7.500000e-01 -2.343750e-02
     vertex  2.434211e-02 -7.500000e-01 -1.652961e-02
     vertex -1.652961e-02 -7.500000e-01 -1.652961e-02
   endloop
 endfacet
 facet normal  0.000000e+00 -1.000000e+00  0.000000e+00
   outer loop
     vertex  3.125000e-02 -7.500000e-01 -2.343750e-02
     vertex -1.652961e-02 -7.500000e-01 -1.652961e-02
     vertex -2.343750e-02 -7.500000e-01 -2.343750e-02
   endloop
 endfacet
 facet normal  0.000000e+00 -1.000000e+00  0.000000e+00
   outer loop
     vertex  3.125000e-02 -7.500000e-01  3.125000e-02
     vertex -1.652961e-02 -7.500000e-01  2.434211e-02
     vertex  2.434211e-02 -7.500000e-01  2.434211e-02
   endloop
 endfacet
 facet normal  0.000000e+00 -1.000000e+00  0.000000e+00
   outer loop
     vertex  3.125000e-02 -7.500000e-01  3.125000e-02
     vertex  2.434211e-02 -7.500000e-01  2.434211e-02
     vertex  2.434211e-02 -7.500000e-01 -1.652961e-02
   endloop
 endfacet
 facet normal -0.000000e+00 -1.000000e+00  0.000000e+00
   outer loop
     vertex  3.125000e-02 -7.500000e-01  3.125000e-02
     vertex -2.343750e-02 -7.500000e-01  3.125000e-02
     vertex -1.652961e-02 -7.500000e-01  2.434211e-02
   endloop
 endfacet
 facet normal  0.000000e+00 -1.000000e+00 -0.000000e+00
   outer loop
     vertex  3.125000e-02 -7.500000e-01  3.125000e-02
     vertex  2.434211e-02 -7.500000e-01 -1.652961e-02
     vertex  3.125000e-02 -7.500000e-01 -2.343750e-02
   endloop
 endfacet
 facet normal -0.000000e+00  0.000000e+00  1.000000e+00
   outer loop
     vertex -2.343750e-02  3.348644e-18  3.125000e-02
     vertex  3.125000e-02 -7.500000e-01  3.125000e-02
     vertex  3.125000e-02  6.697287e-18  3.125000e-02
   endloop
 endfacet
 facet normal  0.000000e+00  0.000000e+00  1.000000e+00
   outer loop
     vertex -2.343750e-02  3.348644e-18  3.125000e-02
     vertex -2.343750e-02 -7.500000e-01  3.125000e-02
     vertex  3.125000e-02 -7.500000e-01  3.125000e-02
   endloop
 endfacet
 facet normal -1.000000e+00  0.000000e+00  0.000000e+00
   outer loop
     vertex -2.343750e-02  0.000000e+00 -2.343750e-02
     vertex -2.343750e-02  3.348644e-18  3.125000e-02
     vertex -2.343750e-02  7.500000e-01  3.125000e-02
   endloop
 endfacet
 facet normal -1.000000e+00  0.000000e+00  0.000000e+00
   outer loop
     vertex -2.343750e-02  0.000000e+00 -2.343750e-02
     vertex -2.343750e-02  7.500000e-01  3.125000e-02
     vertex -2.343750e-02  7.500000e-01 -2.343750e-02
   endloop
 endfacet
 facet normal  1.000000e+00  0.000000e+00  0.000000e+00
   outer loop
     vertex  3.125000e-02  6.697287e-18  3.125000e-02
     vertex  3.125000e-02  3.348644e-18 -2.343750e-02
     vertex  3.125000e-02  7.500000e-01 -2.343750e-02
   endloop
 endfacet
 facet normal  1.000000e+00 -0.000000e+00  0.000000e+00
   outer loop
     vertex  3.125000e-02  6.697287e-18  3.125000e-02
     vertex  3.125000e-02  7.500000e-01 -2.343750e-02
     vertex  3.125000e-02  7.500000e-01  3.125000e-02
   endloop
 endfacet
 facet normal  0.000000e+00  1.000000e+00  0.000000e+00
   outer loop
     vertex -2.343750e-02  7.500000e-01  3.125000e-02
     vertex -1.652961e-02  7.500000e-01  2.434211e-02
     vertex -1.652961e-02  7.500000e-01 -1.652961e-02
   endloop
 endfacet
 facet normal  0.000000e+00  1.000000e+00  0.000000e+00
   outer loop
     vertex -2.343750e-02  7.500000e-01  3.125000e-02
     vertex -1.652961e-02  7.500000e-01 -1.652961e-02
     vertex -2.343750e-02  7.500000e-01 -2.343750e-02
   endloop
 endfacet
 facet normal  0.000000e+00  1.000000e+00  0.000000e+00
   outer loop
     vertex  3.125000e-02  7.500000e-01 -2.343750e-02
     vertex -1.652961e-02  7.500000e-01 -1.652961e-02
     vertex  2.434211e-02  7.500000e-01 -1.652961e-02
   endloop
 endfacet
 facet normal  0.000000e+00  1.000000e+00  0.000000e+00
   outer loop
     vertex  3.125000e-02  7.500000e-01 -2.343750e-02
     vertex -2.343750e-02  7.500000e-01 -2.343750e-02
     vertex -1.652961e-02  7.500000e-01 -1.652961e-02
   endloop
 endfacet
 facet normal  0.000000e+00  1.000000e+00  0.000000e+00
   outer loop
     vertex  3.125000e-02  7.500000e-01  3.125000e-02
     vertex  2.434211e-02  7.500000e-01  2.434211e-02
     vertex -1.652961e-02  7.500000e-01  2.434211e-02
   endloop
 endfacet
 facet normal  0.000000e+00  1.000000e+00  0.000000e+00
   outer loop
     vertex  3.125000e-02  7.500000e-01  3.125000e-02
     vertex  2.434211e-02  7.500000e-01 -1.652961e-02
     vertex  2.434211e-02  7.500000e-01  2.434211e-02
   endloop
 endfacet
 facet normal  0.000000e+00  1.000000e+00  0.000000e+00
   outer loop
     vertex  3.125000e-02  7.500000e-01  3.125000e-02
     vertex -1.652961e-02  7.500000e-01  2.434211e-02
     vertex -2.343750e-02  7.500000e-01  3.125000e-02
   endloop
 endfacet
 facet normal  0.000000e+00  1.000000e+00  0.000000e+00
   outer loop
     vertex  3.125000e-02  7.500000e-01  3.125000e-02
     vertex  3.125000e-02  7.500000e-01 -2.343750e-02
     vertex  2.434211e-02  7.500000e-01 -1.652961e-02
   endloop
 endfacet
 facet normal  0.000000e+00  0.000000e+00  1.000000e+00
   outer loop
     vertex  2.434211e-02  3.348644e-18 -1.652961e-02
     vertex -1.652961e-02  8.459731e-19 -1.652961e-02
     vertex -1.652961e-02 -7.500000e-01 -1.652961e-02
   endloop
 endfacet
 facet normal  0.000000e+00  0.000000e+00  1.000000e+00
   outer loop
     vertex  2.434211e-02  3.348644e-18 -1.652961e-02
     vertex -1.652961e-02 -7.500000e-01 -1.652961e-02
     vertex  2.434211e-02 -7.500000e-01 -1.652961e-02
   endloop
 endfacet
 facet normal -1.000000e+00  0.000000e+00  0.000000e+00
   outer loop
     vertex  2.434211e-02  5.851314e-18  2.434211e-02
     vertex  2.434211e-02  3.348644e-18 -1.652961e-02
     vertex  2.434211e-02 -7.500000e-01 -1.652961e-02
   endloop
 endfacet
 facet normal -1.000000e+00 -0.000000e+00  0.000000e+00
   outer loop
     vertex  2.434211e-02  5.851314e-18  2.434211e-02
     vertex  2.434211e-02 -7.500000e-01 -1.652961e-02
     vertex  2.434211e-02 -7.500000e-01  2.434211e-02
   endloop
 endfacet
 facet normal  0.000000e+00  0.000000e+00 -1.000000e+00
   outer loop
     vertex -1.652961e-02  3.348644e-18  2.434211e-02
     vertex  2.434211e-02  5.851314e-18  2.434211e-02
     vertex  2.434211e-02 -7.500000e-01  2.434211e-02
   endloop
 endfacet
 facet normal  0.000000e+00  0.000000e+00 -1.000000e+00
   outer loop
     vertex -1.652961e-02  3.348644e-18  2.434211e-02
     vertex  2.434211e-02 -7.500000e-01  2.434211e-02
     vertex -1.652961e-02 -7.500000e-01  2.434211e-02
   endloop
 endfacet
 facet normal  1.000000e+00  0.000000e+00 -0.000000e+00
   outer loop
     vertex -1.652961e-02  8.459731e-19 -1.652961e-02
     vertex -1.652961e-02  3.348644e-18  2.434211e-02
     vertex -1.652961e-02 -7.500000e-01  2.434211e-02
   endloop
 endfacet
 facet normal  1.000000e+00  0.000000e+00  0.000000e+00
   outer loop
     vertex -1.652961e-02  8.459731e-19 -1.652961e-02
     vertex -1.652961e-02 -7.500000e-01  2.434211e-02
     vertex -1.652961e-02 -7.500000e-01 -1.652961e-02
   endloop
 endfacet
 facet normal  0.000000e+00  0.000000e+00  1.000000e+00
   outer loop
     vertex -2.343750e-02  3.348644e-18  3.125000e-02
     vertex  3.125000e-02  6.697287e-18  3.125000e-02
     vertex  3.125000e-02  7.500000e-01  3.125000e-02
   endloop
 endfacet
 facet normal  0.000000e+00  0.000000e+00  1.000000e+00
   outer loop
     vertex -2.343750e-02  3.348644e-18  3.125000e-02
     vertex  3.125000e-02  7.500000e-01  3.125000e-02
     vertex -2.343750e-02  7.500000e-01  3.125000e-02
   endloop
 endfacet
 facet normal  0.000000e+00  0.000000e+00  1.000000e+00
   outer loop
     vertex  2.434211e-02  3.348644e-18 -1.652961e-02
     vertex -1.652961e-02  7.500000e-01 -1.652961e-02
     vertex -1.652961e-02  8.459731e-19 -1.652961e-02
   endloop
 endfacet
 facet normal  0.000000e+00 -0.000000e+00  1.000000e+00
   outer loop
     vertex  2.434211e-02  3.348644e-18 -1.652961e-02
     vertex  2.434211e-02  7.500000e-01 -1.652961e-02
     vertex -1.652961e-02  7.500000e-01 -1.652961e-02
   endloop
 endfacet
 facet normal -1.000000e+00  0.000000e+00 -0.000000e+00
   outer loop
     vertex  2.434211e-02  5.851314e-18  2.434211e-02
     vertex  2.434211e-02  7.500000e-01 -1.652961e-02
     vertex  2.434211e-02  3.348644e-18 -1.652961e-02
   endloop
 endfacet
 facet normal -1.000000e+00  0.000000e+00  0.000000e+00
   outer loop
     vertex  2.434211e-02  5.851314e-18  2.434211e-02
     vertex  2.434211e-02  7.500000e-01  2.434211e-02
     vertex  2.434211e-02  7.500000e-01 -1.652961e-02
   endloop
 endfacet
 facet normal  0.000000e+00  0.000000e+00 -1.000000e+00
   outer loop
     vertex -1.652961e-02  3.348644e-18  2.434211e-02
     vertex  2.434211e-02  7.500000e-01  2.434211e-02
     vertex  2.434211e-02  5.851314e-18  2.434211e-02
   endloop
 endfacet
 facet normal  0.000000e+00  0.000000e+00 -1.000000e+00
   outer loop
     vertex -1.652961e-02  3.348644e-18  2.434211e-02
     vertex -1.652961e-02  7.500000e-01  2.434211e-02
     vertex  2.434211e-02  7.500000e-01  2.434211e-02
   endloop
 endfacet
 facet normal  1.000000e+00  0.000000e+00  0.000000e+00
   outer loop
     vertex -1.652961e-02  8.459731e-19 -1.652961e-02
     vertex -1.652961e-02  7.500000e-01  2.434211e-02
     vertex -1.652961e-02  3.348644e-18  2.434211e-02
   endloop
 endfacet
 facet normal  1.000000e+00  0.000000e+00  0.000000e+00
   outer loop
     vertex -1.652961e-02  8.459731e-19 -1.652961e-02
     vertex -1.652961e-02  7.500000e-01 -1.652961e-02
     vertex -1.652961e-02  7.500000e-01  2.434211e-02
   endloop
 endfacet
endsolid
