solid 
 facet normal  0.000000e+00  0.000000e+00 -1.000000e+00
   outer loop
     vertex  8.593750e-02  1.052431e-17 -8.593750e-02
     vertex -8.593750e-02 -7.500000e-01 -8.593750e-02
     vertex -8.593750e-02  0.000000e+00 -8.593750e-02
   endloop
 endfacet
 facet normal  0.000000e+00 -0.000000e+00 -1.000000e+00
   outer loop
     vertex  8.593750e-02  1.052431e-17 -8.593750e-02
     vertex  8.593750e-02 -7.500000e-01 -8.593750e-02
     vertex -8.593750e-02 -7.500000e-01 -8.593750e-02
   endloop
 endfacet
 facet normal -1.000000e+00  0.000000e+00  0.000000e+00
   outer loop
     vertex -8.593750e-02  0.000000e+00 -8.593750e-02
     vertex -8.593750e-02 -7.500000e-01  8.593750e-02
     vertex -8.593750e-02  1.052431e-17  8.593750e-02
   endloop
 endfacet
 facet normal -1.000000e+00  0.000000e+00  0.000000e+00
   outer loop
     vertex -8.593750e-02  0.000000e+00 -8.593750e-02
     vertex -8.593750e-02 -7.500000e-01 -8.593750e-02
     vertex -8.593750e-02 -7.500000e-01  8.593750e-02
   endloop
 endfacet
 facet normal  1.000000e+00  0.000000e+00  0.000000e+00
   outer loop
     vertex  8.593750e-02  2.104862e-17  8.593750e-02
     vertex  8.593750e-02 -7.500000e-01 -8.593750e-02
     vertex  8.593750e-02  1.052431e-17 -8.593750e-02
   endloop
 endfacet
 facet normal  1.000000e+00  0.000000e+00  0.000000e+00
   outer loop
     vertex  8.593750e-02  2.104862e-17  8.593750e-02
     vertex  8.593750e-02 -7.500000e-01  8.593750e-02
     vertex  8.593750e-02 -7.500000e-01 -8.593750e-02
   endloop
 endfacet
 facet normal -0.000000e+00  0.000000e+00 -1.000000e+00
   outer loop
     vertex  8.593750e-02  1.052431e-17 -8.593750e-02
     vertex -8.593750e-02  0.000000e+00 -8.593750e-02
     vertex -8.593750e-02  7.500000e-01 -8.593750e-02
   endloop
 endfacet
 facet normal  0.000000e+00  0.000000e+00 -1.000000e+00
   outer loop
     vertex  8.593750e-02  1.052431e-17 -8.593750e-02
     vertex -8.593750e-02  7.500000e-01 -8.593750e-02
     vertex  8.593750e-02  7.500000e-01 -8.593750e-02
   endloop
 endfacet
 facet normal  0.000000e+00 -1.000000e+00 -0.000000e+00
   outer loop
     vertex  7.508224e-02 -7.500000e-01 -7.508224e-02
     vertex -8.593750e-02 -7.500000e-01 -8.593750e-02
     vertex  8.593750e-02 -7.500000e-01 -8.593750e-02
   endloop
 endfacet
 facet normal -0.000000e+00 -1.000000e+00  0.000000e+00
   outer loop
     vertex  7.508224e-02 -7.500000e-01 -7.508224e-02
     vertex -7.508224e-02 -7.500000e-01 -7.508224e-02
     vertex -8.593750e-02 -7.500000e-01 -8.593750e-02
   endloop
 endfacet
 facet normal -0.000000e+00 -1.000000e+00  0.000000e+00
   outer loop
     vertex -7.508224e-02 -7.500000e-01  7.508224e-02
     vertex -8.593750e-02 -7.500000e-01  8.593750e-02
     vertex -8.593750e-02 -7.500000e-01 -8.593750e-02
   endloop
 endfacet
 facet normal  0.000000e+00 -1.000000e+00 -0.000000e+00
   outer loop
     vertex -7.508224e-02 -7.500000e-01  7.508224e-02
     vertex -8.593750e-02 -7.500000e-01 -8.593750e-02
     vertex -7.508224e-02 -7.500000e-01 -7.508224e-02
   endloop
 endfacet
 facet normal  0.000000e+00 -1.000000e+00  0.000000e+00
   outer loop
     vertex  8.593750e-02 -7.500000e-01  8.593750e-02
     vertex  7.508224e-02 -7.500000e-01  7.508224e-02
     vertex  7.508224e-02 -7.500000e-01 -7.508224e-02
   endloop
 endfacet
 facet normal  0.000000e+00 -1.000000e+00 -0.000000e+00
   outer loop
     vertex  8.593750e-02 -7.500000e-01  8.593750e-02
     vertex  7.508224e-02 -7.500000e-01 -7.508224e-02
     vertex  8.593750e-02 -7.500000e-01 -8.593750e-02
   endloop
 endfacet
 facet normal -0.000000e+00 -1.000000e+00  0.000000e+00
   outer loop
     vertex  8.593750e-02 -7.500000e-01  8.593750e-02
     vertex -8.593750e-02 -7.500000e-01  8.593750e-02
     vertex -7.508224e-02 -7.500000e-01  7.508224e-02
   endloop
 endfacet
 facet normal  0.000000e+00 -1.000000e+00  0.000000e+00
   outer loop
     vertex  8.593750e-02 -7.500000e-01  8.593750e-02
     vertex -7.508224e-02 -7.500000e-01  7.508224e-02
     vertex  7.508224e-02 -7.500000e-01  7.508224e-02
   endloop
 endfacet
 facet normal -0.000000e+00  0.000000e+00  1.000000e+00
   outer loop
     vertex -8.593750e-02  1.052431e-17  8.593750e-02
     vertex  8.593750e-02 -7.500000e-01  8.593750e-02
     vertex  8.593750e-02  2.104862e-17  8.593750e-02
   endloop
 endfacet
 facet normal  0.000000e+00  0.000000e+00  1.000000e+00
   outer loop
     vertex -8.593750e-02  1.052431e-17  8.593750e-02
     vertex -8.593750e-02 -7.500000e-01  8.593750e-02
     vertex  8.593750e-02 -7.500000e-01  8.593750e-02
   endloop
 endfacet
 facet normal -1.000000e+00  0.000000e+00  0.000000e+00
   outer loop
     vertex -8.593750e-02  0.000000e+00 -8.593750e-02
     vertex -8.593750e-02  1.052431e-17  8.593750e-02
     vertex -8.593750e-02  7.500000e-01  8.593750e-02
   endloop
 endfacet
 facet normal -1.000000e+00  0.000000e+00  0.000000e+00
   outer loop
     vertex -8.593750e-02  0.000000e+00 -8.593750e-02
     vertex -8.593750e-02  7.500000e-01  8.593750e-02
     vertex -8.593750e-02  7.500000e-01 -8.593750e-02
   endloop
 endfacet
 facet normal  1.000000e+00  0.000000e+00  0.000000e+00
   outer loop
     vertex  8.593750e-02  2.104862e-17  8.593750e-02
     vertex  8.593750e-02  1.052431e-17 -8.593750e-02
     vertex  8.593750e-02  7.500000e-01 -8.593750e-02
   endloop
 endfacet
 facet normal  1.000000e+00 -0.000000e+00  0.000000e+00
   outer loop
     vertex  8.593750e-02  2.104862e-17  8.593750e-02
     vertex  8.593750e-02  7.500000e-01 -8.593750e-02
     vertex  8.593750e-02  7.500000e-01  8.593750e-02
   endloop
 endfacet
 facet normal  0.000000e+00  1.000000e+00  0.000000e+00
   outer loop
     vertex  7.508224e-02  7.500000e-01 -7.508224e-02
     vertex  8.593750e-02  7.500000e-01 -8.593750e-02
     vertex -8.593750e-02  7.500000e-01 -8.593750e-02
   endloop
 endfacet
 facet normal  0.000000e+00  1.000000e+00  0.000000e+00
   outer loop
     vertex  7.508224e-02  7.500000e-01 -7.508224e-02
     vertex -8.593750e-02  7.500000e-01 -8.593750e-02
     vertex -7.508224e-02  7.500000e-01 -7.508224e-02
   endloop
 endfacet
 facet normal  0.000000e+00  1.000000e+00  0.000000e+00
   outer loop
     vertex -7.508224e-02  7.500000e-01  7.508224e-02
     vertex -8.593750e-02  7.500000e-01 -8.593750e-02
     vertex -8.593750e-02  7.500000e-01  8.593750e-02
   endloop
 endfacet
 facet normal  0.000000e+00  1.000000e+00  0.000000e+00
   outer loop
     vertex -7.508224e-02  7.500000e-01  7.508224e-02
     vertex -7.508224e-02  7.500000e-01 -7.508224e-02
     vertex -8.593750e-02  7.500000e-01 -8.593750e-02
   endloop
 endfacet
 facet normal  0.000000e+00  1.000000e+00  0.000000e+00
   outer loop
     vertex  8.593750e-02  7.500000e-01  8.593750e-02
     vertex  7.508224e-02  7.500000e-01 -7.508224e-02
     vertex  7.508224e-02  7.500000e-01  7.508224e-02
   endloop
 endfacet
 facet normal  0.000000e+00  1.000000e+00  0.000000e+00
   outer loop
     vertex  8.593750e-02  7.500000e-01  8.593750e-02
     vertex  8.593750e-02  7.500000e-01 -8.593750e-02
     vertex  7.508224e-02  7.500000e-01 -7.508224e-02
   endloop
 endfacet
 facet normal  0.000000e+00  1.000000e+00  0.000000e+00
   outer loop
     vertex  8.593750e-02  7.500000e-01  8.593750e-02
     vertex -7.508224e-02  7.500000e-01  7.508224e-02
     vertex -8.593750e-02  7.500000e-01  8.593750e-02
   endloop
 endfacet
 facet normal  0.000000e+00  1.000000e+00  0.000000e+00
   outer loop
     vertex  8.593750e-02  7.500000e-01  8.593750e-02
     vertex  7.508224e-02  7.500000e-01  7.508224e-02
     vertex -7.508224e-02  7.500000e-01  7.508224e-02
   endloop
 endfacet
 facet normal  0.000000e+00  0.000000e+00  1.000000e+00
   outer loop
     vertex  7.508224e-02  1.052431e-17 -7.508224e-02
     vertex -7.508224e-02  1.329386e-18 -7.508224e-02
     vertex -7.508224e-02 -7.500000e-01 -7.508224e-02
   endloop
 endfacet
 facet normal  0.000000e+00  0.000000e+00  1.000000e+00
   outer loop
     vertex  7.508224e-02  1.052431e-17 -7.508224e-02
     vertex -7.508224e-02 -7.500000e-01 -7.508224e-02
     vertex  7.508224e-02 -7.500000e-01 -7.508224e-02
   endloop
 endfacet
 facet normal -1.000000e+00  0.000000e+00  0.000000e+00
   outer loop
     vertex  7.508224e-02  1.971923e-17  7.508224e-02
     vertex  7.508224e-02  1.052431e-17 -7.508224e-02
     vertex  7.508224e-02 -7.500000e-01 -7.508224e-02
   endloop
 endfacet
 facet normal -1.000000e+00 -0.000000e+00  0.000000e+00
   outer loop
     vertex  7.508224e-02  1.971923e-17  7.508224e-02
     vertex  7.508224e-02 -7.500000e-01 -7.508224e-02
     vertex  7.508224e-02 -7.500000e-01  7.508224e-02
   endloop
 endfacet
 facet normal  0.000000e+00  0.000000e+00 -1.000000e+00
   outer loop
     vertex -7.508224e-02  1.052431e-17  7.508224e-02
     vertex  7.508224e-02  1.971923e-17  7.508224e-02
     vertex  7.508224e-02 -7.500000e-01  7.508224e-02
   endloop
 endfacet
 facet normal  0.000000e+00  0.000000e+00 -1.000000e+00
   outer loop
     vertex -7.508224e-02  1.052431e-17  7.508224e-02
     vertex  7.508224e-02 -7.500000e-01  7.508224e-02
     vertex -7.508224e-02 -7.500000e-01  7.508224e-02
   endloop
 endfacet
 facet normal  1.000000e+00  0.000000e+00 -0.000000e+00
   outer loop
     vertex -7.508224e-02  1.329386e-18 -7.508224e-02
     vertex -7.508224e-02  1.052431e-17  7.508224e-02
     vertex -7.508224e-02 -7.500000e-01  7.508224e-02
   endloop
 endfacet
 facet normal  1.000000e+00  0.000000e+00  0.000000e+00
   outer loop
     vertex -7.508224e-02  1.329386e-18 -7.508224e-02
     vertex -7.508224e-02 -7.500000e-01  7.508224e-02
     vertex -7.508224e-02 -7.500000e-01 -7.508224e-02
   endloop
 endfacet
 facet normal  0.000000e+00  0.000000e+00  1.000000e+00
   outer loop
     vertex -8.593750e-02  1.052431e-17  8.593750e-02
     vertex  8.593750e-02  2.104862e-17  8.593750e-02
     vertex  8.593750e-02  7.500000e-01  8.593750e-02
   endloop
 endfacet
 facet normal  0.000000e+00  0.000000e+00  1.000000e+00
   outer loop
     vertex -8.593750e-02  1.052431e-17  8.593750e-02
     vertex  8.593750e-02  7.500000e-01  8.593750e-02
     vertex -8.593750e-02  7.500000e-01  8.593750e-02
   endloop
 endfacet
 facet normal  0.000000e+00  0.000000e+00  1.000000e+00
   outer loop
     vertex  7.508224e-02  1.052431e-17 -7.508224e-02
     vertex -7.508224e-02  7.500000e-01 -7.508224e-02
     vertex -7.508224e-02  1.329386e-18 -7.508224e-02
   endloop
 endfacet
 facet normal  0.000000e+00 -0.000000e+00  1.000000e+00
   outer loop
     vertex  7.508224e-02  1.052431e-17 -7.508224e-02
     vertex  7.508224e-02  7.500000e-01 -7.508224e-02
     vertex -7.508224e-02  7.500000e-01 -7.508224e-02
   endloop
 endfacet
 facet normal -1.000000e+00  0.000000e+00 -0.000000e+00
   outer loop
     vertex  7.508224e-02  1.971923e-17  7.508224e-02
     vertex  7.508224e-02  7.500000e-01 -7.508224e-02
     vertex  7.508224e-02  1.052431e-17 -7.508224e-02
   endloop
 endfacet
 facet normal -1.000000e+00  0.000000e+00  0.000000e+00
   outer loop
     vertex  7.508224e-02  1.971923e-17  7.508224e-02
     vertex  7.508224e-02  7.500000e-01  7.508224e-02
     vertex  7.508224e-02  7.500000e-01 -7.508224e-02
   endloop
 endfacet
 facet normal  0.000000e+00  0.000000e+00 -1.000000e+00
   outer loop
     vertex -7.508224e-02  1.052431e-17  7.508224e-02
     vertex  7.508224e-02  7.500000e-01  7.508224e-02
     vertex  7.508224e-02  1.971923e-17  7.508224e-02
   endloop
 endfacet
 facet normal  0.000000e+00  0.000000e+00 -1.000000e+00
   outer loop
     vertex -7.508224e-02  1.052431e-17  7.508224e-02
     vertex -7.508224e-02  7.500000e-01  7.508224e-02
     vertex  7.508224e-02  7.500000e-01  7.508224e-02
   endloop
 endfacet
 facet normal  1.000000e+00  0.000000e+00  0.000000e+00
   outer loop
     vertex -7.508224e-02  1.329386e-18 -7.508224e-02
     vertex -7.508224e-02  7.500000e-01  7.508224e-02
     vertex -7.508224e-02  1.052431e-17  7.508224e-02
   endloop
 endfacet
 facet normal  1.000000e+00  0.000000e+00  0.000000e+00
   outer loop
     vertex -7.508224e-02  1.329386e-18 -7.508224e-02
     vertex -7.508224e-02  7.500000e-01 -7.508224e-02
     vertex -7.508224e-02  7.500000e-01  7.508224e-02
   endloop
 endfacet
endsolid
